0.3 2000
996
0.05 0.0
0.049972662867046304 0.001653168465865411
0.04989068136093873 0.0033045292162849726
0.04975414512725057 0.004952276512523135
0.049563203466348765 0.006594608567103446
0.04931806517013612 0.008229729514036697
0.04901899829374047 0.009855851372574017
0.0486663298624003 0.01147119600233758
0.048260445513867434 0.013073997047690989
0.047801789076717886 0.014662501869223238
0.047290862085031735 0.016234973460234177
0.04672822322997305 0.017789692346125825
0.04611448774886924 0.019324958464622614
0.04545032675245813 0.020839093024764523
0.04473646649103818 0.02233044034264033
0.04397368756032446 0.02379736965185368
0.04316282404787869 0.02523827688674219
0.04230476262104677 0.02665158643639969
0.041400441557401 0.028035752867583637
0.04045084971874737 0.029389262614623664
0.03945702546981968 0.030710635634483393
0.03842005554284295 0.03199842702516583
0.0373410738492077 0.033251228605692414
0.03622126023955445 0.034467670455928294
0.035061839213624435 0.035646422414569855
0.03386407858128705 0.036786195533656585
0.03262928807620843 0.03788574348801674
0.03135881792367685 0.03894386393810562
0.030054057364151256 0.039959399844746245
0.028716433134147186 0.04093124073433463
0.027347407906121342 0.04185832391312644
0.025948478689060757 0.042739635629276955
0.024521175191525406 0.04357421218136387
0.023067058148934384 0.0443611409721806
0.021587717616924646 0.045099561506647956
0.02008477123264847 0.04578866633275288
0.018559862445911037 0.04642770192448536
0.01701465872208215 0.04701596950580807
0.015450849718747365 0.047552825814757685
0.013870145438092228 0.04803768380684241
0.012274274357039951 0.04847001329696653
0.010664981537187342 0.04884934153917997
0.009044026716605489 0.04917525374361912
0.007413182385592088 0.04944739353007343
0.005774231848479302 0.04966546331768191
0.004128967273616608 0.049829224650333494
0.002479187733661114 0.04993849845741524
0.0008266972383179174 0.04999316524962345
-0.0008266972383179224 0.04999316524962345
-0.002479187733661119 0.04993849845741524
-0.004128967273616625 0.049829224650333494
-0.005774231848479306 0.04966546331768191
-0.007413182385592104 0.04944739353007343
-0.009044026716605492 0.04917525374361912
-0.010664981537187347 0.04884934153917997
-0.012274274357039967 0.04847001329696652
-0.013870145438092233 0.04803768380684241
-0.015450849718747378 0.04755282581475768
-0.017014658722082153 0.04701596950580807
-0.018559862445911044 0.04642770192448536
-0.020084771232648485 0.04578866633275287
-0.02158771761692466 0.04509956150664794
-0.023067058148934387 0.04436114097218059
-0.02452117519152541 0.04357421218136387
-0.025948478689060764 0.04273963562927695
-0.027347407906121352 0.041858323913126425
-0.028716433134147196 0.040931240734334615
-0.030054057364151256 0.039959399844746245
-0.031358817923676854 0.03894386393810562
-0.032629288076208435 0.03788574348801673
-0.03386407858128706 0.03678619553365658
-0.03506183921362445 0.03564642241456985
-0.03622126023955445 0.034467670455928294
-0.0373410738492077 0.03325122860569241
-0.03842005554284296 0.031998427025165824
-0.03945702546981969 0.030710635634483383
-0.040450849718747385 0.029389262614623643
-0.041400441557401 0.028035752867583637
-0.04230476262104678 0.026651586436399685
-0.043162824047878696 0.02523827688674218
-0.043973687560324465 0.023797369651853667
-0.044736466491038185 0.022330440342640312
-0.04545032675245813 0.02083909302476452
-0.04611448774886924 0.019324958464622607
-0.046728223229973054 0.017789692346125815
-0.04729086208503174 0.016234973460234163
-0.04780178907671789 0.014662501869223219
-0.048260445513867434 0.013073997047690989
-0.0486663298624003 0.011471196002337574
-0.04901899829374047 0.009855851372574005
-0.04931806517013612 0.00822972951403668
-0.049563203466348765 0.006594608567103426
-0.04975414512725057 0.0049522765125231336
-0.04989068136093873 0.0033045292162849657
-0.049972662867046304 0.0016531684658653992
-0.05 -1.6081226496766367e-17
-0.049972662867046304 -0.0016531684658654092
-0.04989068136093873 -0.0033045292162849752
-0.04975414512725057 -0.004952276512523144
-0.049563203466348765 -0.006594608567103458
-0.04931806517013612 -0.008229729514036712
-0.04901899829374047 -0.009855851372574016
-0.0486663298624003 -0.011471196002337584
-0.048260445513867434 -0.013073997047690997
-0.04780178907671788 -0.014662501869223252
-0.04729086208503173 -0.016234973460234194
-0.04672822322997305 -0.017789692346125825
-0.04611448774886923 -0.01932495846462262
-0.04545032675245812 -0.02083909302476453
-0.04473646649103817 -0.02233044034264034
-0.043973687560324444 -0.023797369651853695
-0.04316282404787869 -0.025238276886742184
-0.04230476262104677 -0.026651586436399696
-0.041400441557400997 -0.028035752867583648
-0.040450849718747364 -0.02938926261462367
-0.03945702546981967 -0.03071063563448341
-0.03842005554284295 -0.03199842702516583
-0.03734107384920769 -0.03325122860569242
-0.03622126023955444 -0.0344676704559283
-0.03506183921362442 -0.03564642241456986
-0.03386407858128704 -0.0367861955336566
-0.032629288076208414 -0.03788574348801675
-0.031358817923676834 -0.038943863938105644
-0.03005405736415123 -0.039959399844746266
-0.028716433134147193 -0.04093124073433462
-0.02734740790612135 -0.04185832391312643
-0.025948478689060757 -0.042739635629276955
-0.0245211751915254 -0.04357421218136387
-0.02306705814893438 -0.0443611409721806
-0.021587717616924632 -0.045099561506647956
-0.020084771232648454 -0.045788666332752886
-0.018559862445911013 -0.046427701924485365
-0.017014658722082122 -0.04701596950580808
-0.015450849718747378 -0.04755282581475768
-0.013870145438092233 -0.04803768380684241
-0.012274274357039957 -0.04847001329696652
-0.010664981537187337 -0.04884934153917997
-0.009044026716605483 -0.04917525374361912
-0.007413182385592083 -0.04944739353007343
-0.005774231848479285 -0.049665463317681915
-0.004128967273616593 -0.049829224650333494
-0.002479187733661087 -0.04993849845741524
-0.0008266972383178901 -0.04999316524962345
0.0008266972383179163 -0.04999316524962345
0.002479187733661113 -0.04993849845741524
0.004128967273616619 -0.049829224650333494
0.0057742318484793114 -0.04966546331768191
0.0074131823855921085 -0.04944739353007342
0.00904402671660551 -0.04917525374361911
0.010664981537187363 -0.04884934153917996
0.012274274357039983 -0.04847001329696651
0.013870145438092257 -0.0480376838068424
0.015450849718747404 -0.04755282581475767
0.017014658722082146 -0.04701596950580807
0.018559862445911037 -0.04642770192448536
0.020084771232648478 -0.04578866633275287
0.021587717616924657 -0.04509956150664795
0.023067058148934404 -0.044361140972180586
0.024521175191525423 -0.043574212181363856
0.025948478689060778 -0.04273963562927694
0.02734740790612137 -0.04185832391312642
0.028716433134147207 -0.04093124073433461
0.030054057364151284 -0.039959399844746224
0.03135881792367685 -0.03894386393810562
0.03262928807620843 -0.03788574348801674
0.03386407858128706 -0.03678619553365658
0.03506183921362444 -0.03564642241456985
0.03622126023955446 -0.03446767045592828
0.03734107384920771 -0.0332512286056924
0.038420055542842974 -0.03199842702516581
0.0394570254698197 -0.03071063563448337
0.04045084971874739 -0.02938926261462363
0.041400441557401024 -0.028035752867583603
0.04230476262104677 -0.02665158643639969
0.043162824047878696 -0.025238276886742184
0.043973687560324465 -0.02379736965185367
0.044736466491038185 -0.022330440342640315
0.04545032675245814 -0.020839093024764506
0.04611448774886925 -0.019324958464622594
0.046728223229973054 -0.0177896923461258
0.04729086208503175 -0.016234973460234146
0.04780178907671789 -0.014662501869223205
0.04826044551386745 -0.01307399704769095
0.0486663298624003 -0.01147119600233758
0.04901899829374047 -0.009855851372574012
0.04931806517013612 -0.008229729514036686
0.049563203466348765 -0.006594608567103432
0.04975414512725057 -0.004952276512523117
0.049890681360938736 -0.0033045292162849496
0.049972662867046304 -0.0016531684658653832
-0.5 -0.5
-0.4 -0.5
-0.3 -0.5
-0.2 -0.5
-0.09999999999999998 -0.5
0.0 -0.5
0.09999999999999998 -0.5
0.19999999999999996 -0.5
0.30000000000000004 -0.5
0.4 -0.5
0.5 -0.5
0.5 -0.4
0.5 -0.3
0.5 -0.2
0.5 -0.09999999999999998
0.5 0.0
0.5 0.09999999999999998
0.5 0.19999999999999996
0.5 0.30000000000000004
0.5 0.4
0.5 0.5
0.4 0.5
0.3 0.5
0.2 0.5
0.09999999999999998 0.5
0.0 0.5
-0.09999999999999998 0.5
-0.19999999999999996 0.5
-0.30000000000000004 0.5
-0.4 0.5
-0.5 0.5
-0.5 0.4
-0.5 0.3
-0.5 0.2
-0.5 0.09999999999999998
-0.5 0.0
-0.5 -0.09999999999999998
-0.5 -0.19999999999999996
-0.5 -0.30000000000000004
-0.5 -0.4
-0.45 -0.45
-0.5 -0.45
-0.45 -0.5
-0.47500000000000003 -0.425
-0.36250000000000004 -0.3375
-0.43515625 -0.36015625
-0.46282066231343283 -0.3878206623134328
-0.4130143350629664 -0.4099625772504664
-0.5 -0.35000000000000003
-0.4447748797706894 -0.4143167068734187
-0.475 -0.475
-0.42500000000000004 -0.475
-0.4676215480216107 -0.35535536429182213
-0.3919807333391453 -0.37078700170549966
-0.33423496216328386 -0.42702537425977105
-0.378370983603938 -0.45337098360393796
-0.3711765834681561 -0.4071911959803217
-0.33106376638853413 -0.3767995415741097
-0.3619128343456308 -0.37775053803447894
-0.35 -0.49486180582655814
-0.4110749892062515 -0.44394309980420876
-0.2369155315056356 -0.4079569714620261
-0.3765285564206414 -0.4825564512183411
-0.32173714722401936 -0.4656799349093299
-0.25 -0.5
-0.3486426173431128 -0.4530313463853648
-0.29889281735099427 -0.4369462122351202
-0.2686755444656669 -0.4208024482345093
-0.2739562800416159 -0.36206048076515784
-0.2998590663735065 -0.39878598152733713
-0.2922566441076798 -0.47105181231306326
-0.31271305931634846 -0.32989765884385336
-0.33541414019238913 -0.3480565597640141
-0.3049500796260868 -0.35997584784242004
-0.16496120386312602 -0.1912867330583345
-0.3586152046039167 -0.1961152046039168
-0.2301552001367419 -0.2698466719155836
-0.3477669878097431 -0.26715904688376957
-0.263791579018355 -0.3103791138482497
-0.3419757229938341 -0.3050854371826128
-0.3009665596722187 -0.2794180896803087
-0.28293998155457434 -0.33345328353322995
-0.2655524395318863 -0.2746948244476811
-0.26074802858459273 -0.17812779559859726
-0.29019361080576267 -0.22506584566697022
-0.31770506454396574 -0.2478566607732399
-0.3247345615730999 -0.21137080678156614
-0.295813970543056 -0.18883497986487158
-0.3543119711032237 -0.23180828053340718
-0.328418829158938 -0.01928040091922867
-0.42863154051168095 -0.222662465144892
-0.3030640927675923 -0.10231695773571425
-0.3903409135461862 -0.2180460653410209
-0.29009431025923094 -0.14479289065531667
-0.4032319761011463 -0.2722300124483187
-0.44391539653624007 -0.30721732323892903
-0.38050729699596014 -0.30339305638518604
-0.381441066379989 -0.2487889031082947
-0.4123650236206059 -0.30275715703604894
-0.20061384006501476 -0.0956039393852853
-0.3477739016991918 -0.1391869322845929
-0.41768263886484036 -0.1523693069641922
-0.41325942568188134 -0.18905755173786143
-0.5 -0.14999999999999997
-0.406846873377667 -0.3381725833588928
-0.2511366178125872 -0.10967929188549028
-0.3209928803245552 -0.16317259875615628
-0.3177712985458206 -0.130025809483113
-0.46483807469757926 -0.212976069669932
-0.4984765850115243 -0.25
-0.43008089618086354 -0.10571839441130096
-0.27882077909750586 -0.11813249175920247
-0.2555419797081722 -0.14395975922562002
-0.21059900551178126 -0.16828817360941895
-0.24675389538919643 -0.027698680833316947
-0.46839707777315187 -0.27593967937572916
-0.43572886765835306 -0.2755895620283549
-0.4540515055299969 -0.2451681686831756
-0.445605656215543 -0.15142404233754142
-0.3968912977567471 -0.07066878695361727
-0.47157069920621936 -0.177091733402619
-0.4439347745068289 -0.19048043323897507
-0.226922855537972 -0.21780696680685807
-0.16638626350145885 -0.1373340169472208
-0.2181928980613823 -0.13021696023137463
-0.27163861635652065 -0.06747578856316161
-0.47212968814172684 -0.12499999999999997
-0.3876971469810264 -0.11942718486472387
-0.46452385231206406 -0.08848583367783075
-0.23268119831989745 -0.18845875959427072
-0.2596992690105707 -0.211490765774571
-0.251711719262639 -0.2441035259825141
-0.17778037224366233 -0.24697959407249778
-0.19792386808158474 -0.19991649936306508
-0.18017363973147132 -0.16469336278096008
-0.2335595884279217 -0.07505898943859152
-0.28819999920725303 -0.029442374473955826
-0.31766426254922225 -0.06138579576406154
-0.3592060444096883 -0.04957024028168764
-0.3467850534442773 -0.09484272477068506
-0.40614013352756406 0.02892583134048684
-0.4000959749340392 -0.020739633848815046
-0.3643897292830465 -0.013510137596175503
-0.4315141938903113 -0.07112220699012442
-0.4256749641064161 -0.039776132722620816
-0.5 -0.04999999999999999
-0.2098288357675292 -0.24498896638247125
-0.3763149019989501 -0.09203483767073602
-0.23637225319078947 -0.45498573383395907
-0.26747548912350355 -0.4520233816469155
-0.225 -0.4829985865430224
-0.20946144913796205 -0.3479050551909663
-0.47434235337438924 -0.32213941486487213
-0.37955021971926484 -0.16263194959740565
-0.04998739416350734 -0.16125473767739876
-0.12010625537046951 -0.06447252507670292
-0.1858644247193528 -0.2998771297420393
-0.2447872234553742 -0.34095717521462987
-0.24261885788149617 -0.37466473160033864
-0.11097580949367637 -0.16286563209305543
-0.15523684794417467 -0.09328711439192608
-0.12663699973024317 -0.12396103378747467
-0.08137215058093406 -0.12834403524082671
-0.17849900776166946 -0.029103204474179523
-0.2004902726515626 -0.058717518409435024
-0.16643132946011258 -0.06103692317722776
-0.21259264446861462 -0.02675803668209782
-0.18195605404671514 0.16963509450439057
-0.1888015278680648 0.07011680061513685
-0.19227561146594627 0.01961118456683271
-0.285228138945378 0.06698916334100313
-0.33748516086613567 0.039205090305766396
-0.3424113572364548 0.008495968779101571
-0.3710297429342147 0.02883645833089582
-0.26944638137447685 0.01824123290153571
-0.30661466802814774 0.018503329526785524
-0.0805626371875883 -0.15899218857034153
-0.08406541944268692 -0.25282383599605546
-0.06870065010414764 -0.20641620648992554
-0.02570389694417387 -0.10667704266226835
-0.1011484676097754 -0.09665647374589191
-0.06247933152820285 -0.09453794657455813
-0.035666884746831766 -0.07508474679721079
-0.12089019084714081 0.013494006247042625
-0.23068149995474213 0.008814990370043775
-0.11942700638864687 -0.215368901280156
0.11846164900283426 -0.294129750675891
-0.04907860956703606 -0.12896795740071085
-0.15773797060073672 0.003073322152649282
-0.13988149550975879 -0.03123410078991788
-0.15032690689159967 0.047225272007431145
-0.09330380990334454 -0.0260245147190597
-0.06958260924334808 -0.05654299427051924
-0.09740126922903268 -0.19198246878436287
-0.13315039383390756 -0.1862281053792578
-0.15281246329278309 -0.22340484732586163
-0.13219203575935484 -0.2702529237792871
-0.09165075315529975 -0.2245651418242429
0.03725728702659241 -0.2238635108089756
-0.17828076095552411 0.04402082591918738
-0.09028221914965441 0.06991517513275627
-0.0853599413647536 0.008908562389757596
-0.09960700548810852 0.03846092925928891
-0.1639428761016384 -0.2761607953813362
-0.06591749425706801 -0.37809547436465396
-0.01368251173684732 -0.2027559269130207
-0.13946154672639122 0.10926568482159082
-0.08792267331117253 -0.3173329822315115
-0.04209662983653404 -0.19098215873612007
-0.03869599433291894 -0.2420975532691409
-0.1566888604240603 0.0803111149316024
-0.12438491860801965 0.0693681399722855
-0.09990492126164142 -0.28424662355941843
0.0008785377553751916 -0.2396364941494792
-0.014507087190552142 -0.3116466671120239
-0.016879912108467763 -0.27349096613607005
-0.05747770300214217 -0.2859296474676387
0.04685809007711268 -0.2886788613365762
-0.05054736364871911 -0.32310808123367374
0.030445507791979052 -0.2579912455888486
0.01267298163094694 -0.29080476323505866
-0.073279526897173 -0.3463957980734239
-0.14120150902188902 -0.36239758643177117
-0.10353458981154984 -0.3701270581208196
-0.1401064584565147 -0.3159918719820795
-0.13668144830524342 -0.4360137440097212
-0.18554368996154563 -0.45066588601780605
-0.09367715946263136 -0.41636747240931704
-0.129002993571959 -0.3985954383694198
-0.1830404322277785 -0.39665146661538847
-0.15655468294866556 -0.412438655572141
-0.2108026334121326 -0.3801654162534277
-0.17289117473617296 -0.33606192582822353
-0.1720966913682731 -0.3673398218457204
-0.11456702895092324 -0.3381592533412008
-0.15 -0.48786632005874586
-0.21279627014829874 -0.43119586387583664
-0.10069667359982323 -0.4578920540923091
-0.12990001577761395 -0.46539233436801614
-0.07217308582806674 -0.47512312239841825
-0.04999999999999999 -0.5
-0.06519166540339556 -0.44253839371768683
-0.17849882235331666 -0.47951534791360756
-0.22383851500913682 -0.3082070497845516
-0.37189222103383823 0.1669540355427719
-0.3884095331994901 0.09778941135429059
-0.3885029279228046 0.061099081354929266
-0.44458724653071363 0.07958712707293353
-0.41352388546014296 0.07950805572055118
0.03911520315715213 -0.1473583797735004
-0.024999999999999994 -0.4626515299332728
0.04999999999999999 -0.4394900486117651
-0.02370272270928788 -0.40984555121458327
-0.01872389162559292 -0.3607817883840026
0.033013053288842895 -0.3419628182358792
0.015960183567349566 -0.46227533029253715
0.04999999999999998 -0.49891503612966676
0.014005913079346267 -0.42253642763697735
0.045242878509499415 -0.4692025423707159
-0.011703365933204854 -0.4365592621556768
0.051825015247942585 -0.3889291957152136
-0.03708767051097658 -0.38370279103482513
0.0022188776273784315 -0.33783060398542303
0.01609853913320571 -0.3759884456263807
0.13838774033161816 -0.41736707747452645
0.09130910058308606 -0.34586352867828885
0.09099709018969021 -0.4156564920281953
0.06122426986611636 -0.3579137382402806
0.0878248971708621 -0.3807451315977819
0.06398761455318784 -0.32123242282570647
0.09468959887767138 -0.3146453718998951
0.06298290646715184 -0.41464530828576707
0.08852022975753113 -0.4585731183240179
0.07532383003578899 -0.48453397799849235
0.14999999999999997 -0.5
0.11389845289330497 -0.4385079924576783
0.15176658257999853 -0.45761935874386606
0.1205829630781445 -0.47233549988932877
0.17499999999999996 -0.47981495338929636
0.25 -0.4124986883903673
0.19914771609371654 -0.4312804564185233
0.16745526896889293 -0.4300553000386271
-0.33326342665880343 0.09429997392018173
-0.36189117230051276 0.07937662536929505
-0.43488780863243587 0.14544353574338473
-0.42897568172436745 0.11093030942366007
-0.5 0.15
-0.46508680535321295 0.10935718036250147
-0.42363438705125467 0.2154863956632499
-0.46553501003596487 0.17500000000000002
-0.468013501776203 0.1421601370537092
-0.4304971472612413 0.18066355532726402
-0.4045319120251637 0.15954294246229628
-0.3812614806078097 0.1326369484066764
-0.33689962669420215 0.13896280648068202
-0.4631863293806673 0.21449460087296304
-0.44486648675257023 0.2730596799861562
-0.49842613206331476 0.25
-0.4440539813719849 0.24065764856798763
-0.35610313970556523 0.11491992709658885
-0.2865382038752889 0.12058351822207135
-0.27805479500402036 0.2483945359355212
-0.4777368327687742 0.2756760150986645
-0.31594643323524196 0.11818926334594315
-0.3175082670162543 0.19907268092329933
-0.33860714651738477 0.1726963996329629
-0.297643999031605 0.1615560480382871
-0.2390905233439295 0.15543583683227882
-0.2690217321738376 0.2007281087744549
-0.2695500810034377 0.1471796317740152
-0.2939747470181993 0.22068849089185352
-0.35912123408505586 0.2765486415414737
-0.4013076906195072 0.25794074685642326
-0.3336814140849535 0.24029926384186082
-0.36190022950226824 0.20837448172543424
-0.39478770530252566 0.19439261281644057
-0.38926349489803536 0.22706793171199424
-0.2069168449116191 0.23718646538730648
-0.3114830019685324 0.28292963763638107
-0.36436142236975577 0.24581955238073186
-0.24449061319477508 0.23006601961691947
-0.2183062658270073 0.1945906851638374
-0.30721663456839277 0.2536133167664828
-0.22882569245058365 0.32949172766434215
-0.23893434810373196 0.2801374973746351
-0.35055094537222553 0.39358142467764723
-0.24533580173812716 0.18384476384916312
-0.17671830193249627 0.2931068394695067
-0.273996443116931 0.31303119501186993
-0.34259275922113447 0.3341684563176214
-0.2106258030385123 0.30005172039921585
-0.19928417128820178 0.26917882103008894
-0.2790251793554222 0.280901199328777
-0.24634832251814562 0.30736835053127987
-0.2757408599588489 0.38802691779738124
-0.33824933282507325 0.3017419900168921
-0.30872572292681966 0.3222007151580073
-0.2827192994447218 0.35034644862487513
-0.24677311881378594 0.36317563976006856
-0.3142691455988674 0.37567593364707325
-0.2155303942339689 0.42890220639417886
-0.34237481481591847 0.364437120884795
-0.4270096367847983 0.35641272001155117
-0.38541809480618133 0.3680807934598762
-0.24008194898857013 0.4002838358712503
-0.4058385358540438 0.43258910725620325
-0.3933151260326817 0.3162684314627354
-0.1799663973485767 0.3735515217113117
-0.18860512424759673 0.334010574789474
-0.26957200338065007 0.4504237161310851
-0.3847641924136722 0.40377404477077466
-0.42458056351916995 0.3967677788434426
-0.40108384901077415 0.343960506705025
-0.20602626931474474 0.395908153545492
-0.21207687245750986 0.3600391365917739
-0.24623788786491335 0.4304054969150116
-0.25 0.5
-0.31235387724831415 0.42526838454444277
-0.35778939657725134 0.4456165360387109
-0.5 0.45
-0.5 0.35
-0.22909348987597275 0.4662312189315894
-0.43435647863836985 0.42469628124893094
-0.47033162374223675 0.40898908904342446
-0.4359095322851087 0.31473008808370684
-0.46253846722054365 0.34220723281791804
-0.41366777134927635 0.28934587970198156
-0.4557819115768539 0.3768413360182918
-0.46850946451998965 0.30977853120150195
-0.2804682409734978 0.41999763112935007
-0.30546935221476124 0.46251722122066624
-0.34136963227997513 0.42137962562474074
-0.3888561451921949 0.46507653020540096
-0.45 0.5
-0.3490013897531615 0.4941742032184738
-0.42917634672138893 0.46547103033911225
-0.275 0.48121812564173877
-0.48491986074378407 0.375
-0.3357083662349332 0.46669435684546834
-0.4626824189460732 0.44901130695996483
-0.475 0.47914665493307257
-0.4869527207641894 0.049999999999999996
-0.4760700424550428 0.07954210180923083
-0.4530678014117671 0.014455564951948312
-0.4369373528805919 0.045473168060067334
-0.48100559102357193 0.02174580779787925
-0.46224705929430226 -0.04918029664535916
-0.4234160076193628 0.001622890343743539
-0.006428309104290174 -0.14794454577447239
0.016745595467891703 -0.17889730856547742
0.16250445817111306 -0.350238099159409
0.12942513030736383 -0.3308639523639112
0.16764484359505682 -0.3899813992409678
0.12770921784668257 -0.371720511737239
0.2192498004862678 -0.3631027530828883
0.18851772743930367 -0.36707762935169347
0.20798963983492458 -0.3968350981505245
0.1153357907733153 -0.3986874872888745
0.25 -0.5
-0.31790526708334044 0.06541393980345546
-0.23787135426827438 0.09495994568822347
-0.24087012696823892 0.051337142810646365
-0.2188060591173543 0.0717348614642769
0.3553725578926038 -0.31263229765840644
0.21129743921433417 -0.26659746484797037
0.17030565114302793 -0.29865983414368347
0.1990404556682496 -0.32764376666697553
0.2015717419748615 -0.29639836253491664
0.27842190065864714 -0.30499139332154424
0.24088614483455636 -0.2927413798946068
0.23636643470840152 -0.32985886344935067
0.28509069978458135 -0.36426505849210666
0.25225176464941923 -0.35906636820683646
0.2297985772932317 -0.4360356797383719
0.2061016644285494 -0.46501474577316987
0.2762980181634453 -0.4555076306485136
0.23949722316484104 -0.46814482151645287
0.275 -0.4847585574624336
0.35000000000000003 -0.4448045459397315
0.2996096432720494 -0.41170913483887916
0.31507381897964565 -0.4634104264588144
0.35000000000000003 -0.4991987469801145
0.32147035921733524 -0.4333338207072619
0.3598824065033209 -0.37901093109966255
0.3324598278750862 -0.4003623996503422
0.32443269069246233 -0.36176710057101563
0.3539875935373177 -0.34606891303476683
0.43504807647156835 -0.3485619691994786
0.39501896445483026 -0.3310214659408103
0.30280886283550923 -0.33225963083590776
0.27201474762442435 -0.33526072587191186
0.40085376335456047 -0.37215128429986977
0.4387148851194508 -0.2857485704292066
0.38726290694713483 -0.4167625593951726
0.4461637676538191 -0.4012530642029955
0.42525019769790373 -0.3164762794988487
0.5 -0.35
0.3920142572430663 -0.283598576084314
0.4295919076813387 -0.37723102853054785
0.46416260670437803 -0.31521352568160976
0.2745078945110738 -0.39344723060945797
0.2750376608601617 -0.42673378798894096
0.3754422552424974 -0.47200164645992304
0.3575988076140325 -0.41612309145543025
0.41894758181445513 -0.20684599819567345
0.3241659120535167 -0.23560978820397055
0.2638439156834989 -0.23694298023385985
0.2427047219168836 -0.26086752941838176
0.4724854139659279 -0.375
0.4169948128233842 -0.24926263905669888
0.4705137069947423 -0.24081784572380144
0.3730000866238274 -0.2259839474540058
0.4445624454706604 -0.25755957376043265
0.3866341167074337 -0.25342927378218044
0.46523866871420744 -0.34553626974750784
0.3282853961044664 -0.05390465665911795
0.33164771423827355 -0.14488014736029858
0.34079926031884133 -0.1913081125111169
0.3461791166739544 -0.2186014005711494
0.3827422988365279 -0.1846479375928617
0.437168681747576 -0.13650254287287428
0.3579338679727966 -0.16381473606814134
0.3955147826300103 -0.14425061584684132
0.421865040833835 -0.1700700711311361
0.4584648063198639 -0.1914772406590669
0.40297432512759407 -0.06851295248625394
0.4470826421458155 -0.22069972870482557
0.5 -0.25
0.4886176790938047 -0.15
0.4102194000084401 -0.1074627170535144
0.454268340465884 -0.09360933947943698
0.3586477255909292 -0.0969068896532852
0.36443519851447714 -0.13042636911787475
0.28142954661546166 -0.17889471685105696
0.4585425161221918 -0.15983493707356963
0.4679635958213233 -0.1239240910620556
0.4836747759780816 -0.04999999999999999
0.3071721690729336 -0.20395599192536065
0.31331595603687856 -0.17189328779085342
0.4796239540014626 -0.0789877409184825
-0.26935551258618146 0.09419034426748464
-0.19412841147282928 0.12047779970015346
-0.16193026950500222 0.13859058784170053
-0.010943117249817697 0.23100663931422394
-0.0971753095573035 0.2023431099108924
-0.1361704919841904 0.17718860737907605
-0.14504278224839484 0.24062986962544608
-0.2073686826215469 0.14984207365947463
-0.08500158606598351 0.14066813973563647
-0.16437119071103448 0.2055857545420431
-0.17574628551640703 0.23471193347705105
-0.19351905135223607 0.21078354929791837
-0.12998029525153088 0.21039533739330618
-0.10333457027202435 0.16908842205446065
-0.1266524766778436 0.14235019881052924
0.4283165638360971 -0.4530737224850353
0.29466022842294226 -0.2659269381433173
0.26731244373879187 -0.27746620523640686
0.3352778036259558 -0.2759408032629728
0.31163347072516 -0.2998282817601765
0.3522814037266903 -0.24955975101056882
0.4746401188197806 -0.2756984928900809
0.36595929904840074 -0.059524460006832716
0.4069947067332395 0.028752201635069502
0.3554394840823907 -0.000958338033149618
0.35080626043502905 -0.032018431635753186
0.30836344435929625 -0.10019082069006102
0.2890623597073723 -0.13754622191345156
0.17833136940142724 -0.05666883729991785
0.20048807380440906 -0.14257440893495177
0.24538845757544953 -0.15086289047694182
0.3345762929579466 -0.11494377355541409
0.332499859688393 -0.08314896626023294
0.2531927637026939 -0.04901452949376314
0.25883147699114706 -0.09826227065073603
0.21256386159193888 -0.20291889857370052
0.2898702810729902 -0.06480083943068522
0.21832960117174655 -0.07795293139132431
0.22815818686506129 -0.11844127913684566
0.2620076273259542 -0.1270921027740907
0.2458102640071879 -0.18750585899624872
0.21773230261798915 -0.1705041072819341
0.1499678844520127 -0.23248668538289224
0.17982111122026895 -0.10209471073957782
0.14671640133081348 -0.26969789773532177
0.178313847428542 -0.25371119283254756
0.20478313210531415 -0.23461603376928608
0.1017486729866675 -0.08191773209978671
0.14374812019211153 -0.08054035995187864
0.1217409230249814 -0.01167145000437151
0.12171214900820179 -0.04963132158805964
0.1528153170337804 -0.030674951447766156
0.21033218478819157 0.00026416628004397036
0.16255263355262947 0.020155508824724784
0.18606575665980912 -0.023556183413777985
0.22039735336138597 -0.034260095419511416
0.08553774967228861 -0.030623954282302017
0.12425113141207965 -0.15598165765283217
0.14412218546109626 -0.12087707504340901
0.10439312474915836 -0.12156464743660186
0.1633665124632136 -0.15494671005098654
0.05996132994167539 -0.10461660074427473
0.08104468282212604 -0.15797365036589386
0.14476652930984457 -0.19166030501997505
0.07607279292194188 -0.12909429593790672
0.09432748804806829 -0.21883085188694165
0.07264911188536367 -0.2551523539377402
0.1768335549496643 -0.20831942884321578
0.11016083001300639 -0.1878212014123821
0.11658654557425518 -0.24831751529805898
0.12477551999777965 -0.21495171721610562
0.07891874797533546 -0.2866588291186854
0.10422830271688899 0.05286489209085485
0.2733037912223911 0.21885326344593492
0.06557685441652716 -0.06514095529798969
0.017239059076605865 -0.11023444044883214
-0.0021416405561108815 -0.08321701108218939
0.05540029772000078 -0.18842604495269383
0.12652679430007535 0.0242715354782137
0.08777662105551119 0.017043666777481745
0.22930370805273065 0.11316385492805858
0.03297067121061657 -0.0786433807154676
0.20671914611198627 0.05891511671661587
0.19414161848697972 0.028703549838924158
0.44203657138986485 -0.05364200177099018
0.45958872242124427 -0.014470666203955894
0.40685113351813856 -0.019957530652273812
0.447097930321216 0.06738748377842504
0.5 0.04999999999999999
0.4376965546989937 0.012500621007322854
0.38665715351981095 0.004457069370675335
-0.074873180894804 0.2792922174432721
-0.11621893747058401 0.33891011714263536
-0.15312358361951342 0.3469728769954982
-0.14187970507562433 0.30994719988798186
-0.14668693591006773 0.27543572902223995
-0.10983335244154988 0.25973484991534174
-0.10463499101832209 0.3027978797718445
-0.07441856664608579 0.2374539945559408
-0.046709781754943155 0.1945646315103727
-0.06993177146102675 0.1705123208073055
-0.013237049993932298 0.12315748918273958
-0.03254715469729318 0.15765459742937254
-0.04019057250531574 0.2587474974010096
-0.05086796480280949 0.12474627178685867
0.04062575863716141 0.17596080741387382
-0.043998300876919125 0.22671173871314954
0.07638402838974444 0.35236486108617027
-0.08095572312322362 0.104792635791953
-0.04913575334321898 0.07759801786764944
0.006524867831449024 0.15687248942419266
-0.012971996326194238 0.344243704605752
-0.11095708774105319 0.09723967484564017
-0.0652415612678634 0.04983071965141195
0.05402056166989251 0.10638388479084507
0.006959758518459945 0.19609999806501444
-0.03643597672506649 0.30463294126808343
0.03864162223237065 0.1395009946528979
-0.01954554300566135 0.1838155672603745
-0.07133406093041836 0.33339407161868617
-0.013050020972565125 0.0860871454113957
0.017899879838790746 0.10477893897890012
0.03727360867823067 0.07602249035211583
0.07450149011811259 0.07528747051917031
0.14215529961362366 0.13406324491778937
0.09135108814819451 0.15491644961979859
0.11456960695815807 0.09749141538453104
0.03599188852040423 0.28848428665056775
-0.0009940918329431614 0.27078435979498505
0.04166948537201844 0.23594620383192721
0.003350508812563456 0.30919896840469707
0.026473972262814026 0.26087990065654065
0.03576687674932441 0.20604712887141982
0.039902803089319955 0.33072179300171606
-0.041308126733109844 0.3342740137325538
-0.05632579766488236 0.4222113634812967
-0.05757868601375355 0.3767463882815111
-0.12131735935906118 0.4059393544783393
-0.16654045938879852 0.42514815117259197
-0.1458835885715663 0.38112895794279245
0.06962438843430245 0.04354110554100471
0.14982276495058217 0.06581074422162009
0.11049857024063231 0.12925184301006834
-0.007855597077348484 0.3981259088134436
0.036121145271852534 0.37866373009508786
-0.09043846649284279 0.3633141591822967
-0.08536306229179033 0.40026179912661314
-0.14999999999999997 0.5
-0.09169398395751073 0.4388186328865462
-0.024999999999999994 0.4778172793544662
-0.18816472754401672 0.46038618507809587
-0.12095407736489835 0.46600076472505575
0.14892549310273664 0.10026687569238729
0.1861331529497549 0.12529672718766177
-0.037666661902187246 0.39894741890164576
0.005833611263008234 0.3696420296994691
0.09515248242390179 0.42506902203275215
-0.13786495834192564 0.4298200590647735
0.18402518458071854 0.08826018549203514
0.22405359064518868 0.1773532083705339
0.03649858026316473 0.43893259887887126
0.07348006558018762 0.3918891166168649
0.06348236058489637 0.4220873436825193
0.04999999999999999 0.5
0.07551539490003034 0.46396169564871037
0.044645862878720396 0.46915753052990344
0.21475955552188275 0.14428365593194317
0.17310404157594952 0.17462753022703784
0.023198738058634788 0.40888027316664205
0.1295820375820297 0.17574448163134226
0.08917940328667975 0.21103472452516753
0.10063496662187496 0.18337687820169676
0.16755196013688484 0.14677512283404115
0.4199235976332033 -0.4211995107774934
0.39654379407603246 -0.447632881446234
0.45 -0.49816470712778566
0.4243992791971785 -0.48271655135553165
0.47364918801584466 -0.42500000000000004
0.45103722906955757 -0.4699068447108168
0.5 -0.45
0.48163611725997485 -0.475
0.29390549270178384 -0.0028362619752895293
0.25193144387691147 -0.006337352932402611
0.2817533371035855 -0.03315857600745069
0.268102040734137 0.053156612480200094
0.23634949348413029 0.029842442526523513
0.270828375093581 0.020471003075013535
0.18630913206975352 -0.17754317818307214
0.47261023242704253 0.02499999999999999
0.47890839249699885 0.07499999999999998
-0.04999999999999999 0.5
-0.014190836220363302 0.4461907861308605
-0.043109111932353845 0.4479959417232417
-0.07499999999999998 0.4722395155379107
-0.15425270935058918 0.45952213275085835
0.08854659243318924 0.26758785979671934
0.07730982131314987 0.3092367262791149
0.1530401652470221 0.2413144962266623
0.15209971319237556 0.20466978821100212
0.1997580292815914 0.2217811041547661
0.12224980470830812 0.22377028002760424
0.16670532915379954 0.332729703318633
0.13032201317244807 0.3784290874455124
0.11918867284853421 0.33170970594689164
0.10432792405882649 0.3954078801117903
0.19773216972477886 0.19181624796316343
0.23623449477872557 0.2128713887587652
0.24180523317511948 0.29619884960373377
0.2272766369590099 0.25532019585324806
0.2707377925918636 0.2628948738464665
0.19266728630894417 0.29064174802424697
0.3898381116249423 0.24773846525429313
0.19246330221882563 0.2558253460993745
0.3288715376035438 0.24418636659068532
0.2961813494417643 0.242281736462678
0.14254752171609972 0.3508294779669851
0.10620774522478836 0.3594893335985216
0.21285660503450393 0.3321468250853664
0.14386214630402938 0.2895875900506842
0.10945104998831987 0.2955680968498559
0.1653551642593935 0.26866495171149074
0.3156742370480531 0.38531503174027504
0.30329781597550937 0.32040058196187177
0.3062716533523351 0.2807461009797205
0.2764293270264064 0.2984468637316088
0.2605484931161989 0.3453015569048095
0.356974136834154 0.28682343683208794
0.32938940157943764 0.3024185371789594
0.37602677259560235 0.3527174854421143
0.337315803913663 0.34183979324540653
0.3642153637664327 0.32043117339322874
0.4326327939165621 0.3137054570558643
0.3992925102192324 0.32590244383569233
0.4035007973915927 0.285739654255015
0.4376914353937308 0.3791992595953476
0.4099847561204871 0.3586800729891111
0.3803935454702088 0.4276020413692024
0.38704532031054595 0.3896445551343088
0.5 0.25
0.3504310438560078 0.4027897489149025
0.42245684748311024 0.2574676380907237
0.35 0.5
0.3500070653724975 0.3709949312386422
0.3512169233831281 0.4323377547938349
0.190495363155918 0.38900289100216356
0.1679550973796452 0.30444932802752445
0.12332866528782241 0.260674579164107
0.24054037845028808 0.3248103133472295
0.29516704662466653 0.3555878265156809
0.3588269681060767 0.2550223002121653
0.32499999999999996 0.4657083024375224
0.25147111826078306 0.43836168942970455
0.26529139103869764 0.3927369778792098
0.3097456062064751 0.42674030143005004
0.2843940919598584 0.4623638357503201
0.29256258721579115 0.40314425486420213
0.25 0.4986790043146742
0.2546258369291721 0.46861522939009026
0.375 0.46791653497900076
0.19007871857762948 0.3560137042743796
0.2285616555986032 0.3720248995222256
0.22313590311322357 0.41102298286233874
0.20837040900296497 0.45468006285442664
0.22451799279556417 0.48109541514818976
0.14987283616853242 0.46285492900467534
0.14055769467639465 0.4228650219353938
0.11278810220555219 0.46497506503397273
0.15 0.5
0.1756936215987286 0.4361517548552317
0.15836131577033175 0.395367166110344
0.16471942005133006 0.3680333130030865
0.2393903499528923 0.07713912014168213
0.323252549695476 0.0446298747964296
0.3661793297789541 0.042259028267502566
0.40002620148638135 0.07611658482815073
0.4204416937621441 0.05492540914692631
0.011078810569036368 0.4683023941703818
0.07363060841321536 0.23914084676794808
0.18112179732423714 0.4730803134480078
0.3242729724405443 0.011193651427308333
0.30678097066866256 0.12071125602859356
0.26921362059849674 0.10491385846668527
0.2599374859426438 0.14942741836622536
0.34726803558468816 0.08965294957676201
0.3018692166646711 0.07982412915507228
0.25967224924058024 0.18547808901761187
0.32041157870148496 0.18014148418834136
0.31425676028178084 0.2135356971829358
0.28871131882088025 0.1676654280098683
0.3635146877233046 0.20532305616170765
0.29120062875699665 0.19632745875813834
0.37073845576535175 0.07154821445500345
0.3545301542514293 0.14103798838911788
0.4208438881697685 0.19911997893754213
0.3528844268073517 0.1740383733452072
0.3967892954193124 0.1596866781615902
0.32327767429793175 0.14820589464643036
0.33639360043589817 0.11739549413975425
0.38088825030547796 0.11110717686187979
0.39366853980948674 0.21598526987463745
0.5 0.14999999999999997
0.45423040177767116 0.10785251939593594
0.42415013320240763 0.13226280174484809
0.4226356947438735 0.09965781483179488
0.43018517571291504 0.16636834102136228
0.463017602727962 0.1874915620145093
0.45135149280787956 0.22747275233380235
0.46252010659578685 0.26714651518198396
0.43729041633066873 0.28382313176296703
0.4820365324960145 0.22499999999999998
-0.4506745873925229 -0.018369617334764082
0.5 0.35000000000000003
0.44064891838132525 0.3459319543134499
0.46688944718250275 0.309669474616293
0.47371957591113223 0.375
0.4708589917720825 0.34016737082037435
0.4490118699434913 0.4490118699434913
0.45970956867474544 0.41145305376038444
0.41336901665370523 0.46380067491278404
0.42025316960896203 0.42051777091560155
0.4633749989403699 0.1508582498069516
0.4806798736132116 0.12470349438690388
0.4990118699434913 0.45
0.4852534404605504 0.42471833363586525
0.45 0.5
0.4735270047806811 0.47404041601583574
1735
230 231 240
394 411 413
289 313 350
288 294 286
326 279 327
233 239 236
317 290 329
262 269 234
233 236 229
279 328 327
286 234 269
358 671 592
262 263 261
399 403 395
123 372 124
350 313 351
289 295 314
234 248 262
272 266 321
382 108 381
107 381 108
241 250 230
100 391 381
110 109 382
109 108 382
106 105 381
256 259 244
281 301 315
96 391 97
294 234 286
257 251 348
391 94 93
233 229 231
391 96 95
95 94 391
339 256 260
240 232 241
276 296 265
246 243 237
105 104 381
275 267 270
231 230 233
246 248 243
391 99 98
255 249 253
103 381 104
100 381 101
256 244 253
248 234 243
287 278 282
97 391 98
241 230 240
329 297 281
93 92 391
301 297 283
132 372 133
133 372 134
312 319 320
296 297 290
127 372 128
305 307 299
372 131 130
129 372 130
278 267 275
317 300 291
372 132 131
139 138 746
137 746 138
255 253 244
321 266 336
228 342 305
372 746 135
267 286 269
746 137 136
136 135 746
319 323 303
384 313 324
135 134 372
126 372 127
323 319 312
269 270 267
382 114 113
116 115 382
227 299 298
347 268 271
110 382 111
241 252 245
372 382 371
382 112 111
320 319 273
280 307 306
382 113 112
253 192 260
120 119 382
270 269 261
372 125 124
372 122 121
243 294 235
348 341 347
259 247 244
191 249 252
117 382 118
370 352 371
241 191 252
287 267 278
119 118 382
122 372 123
311 292 291
280 284 287
746 146 145
387 386 367
261 271 270
277 283 296
90 391 91
235 236 239
359 353 378
88 87 391
246 250 245
85 84 391
256 257 259
276 274 277
85 391 86
315 327 281
310 308 316
255 252 249
385 323 322
389 378 380
980 577 573
783 82 81
255 246 245
783 80 79
246 237 250
370 371 382
783 81 80
278 275 276
327 315 326
101 381 102
783 78 77
327 328 329
474 481 479
533 531 515
328 309 337
575 574 571
553 552 569
577 574 573
492 486 558
487 488 492
332 328 279
330 363 436
326 304 364
75 74 783
246 244 247
783 73 72
256 253 260
257 258 259
74 73 783
331 332 363
523 522 514
361 362 365
413 417 394
71 783 72
70 783 71
263 259 258
77 76 783
783 392 391
326 365 279
238 242 342
337 309 317
229 236 238
230 239 233
380 400 389
69 783 70
325 356 304
248 247 262
374 356 359
235 239 237
254 340 338
438 436 435
270 274 275
779 783 68
191 192 249
271 261 263
65 779 66
66 779 67
779 63 62
274 320 277
60 59 779
282 292 280
276 275 274
779 778 390
260 192 254
392 380 373
246 247 248
359 356 353
190 232 240
277 273 283
58 57 790
774 779 790
56 55 790
241 245 250
54 53 790
269 262 261
263 262 247
55 54 790
290 297 329
57 56 790
51 50 790
250 237 239
534 543 530
253 249 192
381 107 106
790 50 49
770 774 772
311 310 298
790 46 45
82 783 83
276 265 278
46 790 47
306 305 285
47 790 48
326 315 304
59 790 779
298 307 280
58 790 59
276 277 296
675 683 674
140 139 746
332 331 328
342 285 305
746 141 140
143 142 746
227 228 299
228 305 299
145 144 746
354 325 289
746 148 147
384 375 383
321 336 312
143 746 144
323 324 303
338 257 339
369 578 745
751 149 148
270 271 268
246 255 244
150 751 151
268 266 272
152 751 153
751 152 151
294 285 235
751 150 149
325 295 289
148 746 751
235 237 243
355 354 289
578 369 377
153 751 154
323 264 324
314 313 289
157 156 751
100 99 391
159 158 751
157 751 158
339 254 338
732 734 439
321 274 272
314 303 324
161 751 162
163 162 744
302 303 314
302 273 319
165 164 744
306 288 284
718 713 698
731 717 744
323 312 336
163 744 164
303 302 319
159 751 160
255 245 252
744 162 751
302 314 295
635 648 667
368 398 344
317 343 290
744 169 168
310 293 227
744 171 170
257 338 251
744 173 172
172 171 744
277 320 273
168 167 744
230 250 239
609 615 601
238 342 228
402 367 386
848 847 685
593 616 618
432 416 340
594 599 637
254 339 260
254 193 340
595 580 596
413 418 417
582 454 471
242 285 342
663 668 697
235 242 236
735 738 747
663 700 710
268 272 270
267 287 286
726 717 720
382 115 114
726 177 176
175 174 726
288 286 284
635 667 636
280 287 282
302 301 283
178 726 179
287 284 286
726 184 183
726 182 181
347 271 258
343 265 290
185 726 186
265 296 290
188 726 749
186 726 187
304 315 325
185 184 726
312 320 321
178 177 726
238 236 242
182 726 183
315 301 295
146 746 147
300 308 291
458 461 456
271 263 258
810 25 24
27 26 792
31 30 792
278 265 282
29 28 792
308 311 291
343 292 265
29 792 30
27 792 28
309 300 317
297 301 281
382 117 116
810 18 17
810 19 18
26 810 792
317 291 343
719 721 723
293 316 226
234 294 243
22 21 810
20 19 810
333 300 309
268 347 433
23 810 24
299 307 298
329 281 327
675 357 672
792 41 40
790 44 43
45 44 790
42 792 43
259 263 247
384 324 264
41 792 42
815 789 806
308 300 316
792 35 34
334 576 333
32 792 33
126 125 372
274 321 320
790 792 791
39 38 792
293 310 316
36 792 37
306 307 305
280 306 284
772 769 770
36 35 792
288 306 285
231 190 240
775 780 787
16 810 17
265 292 282
325 315 295
300 333 318
3 749 4
742 749 748
749 10 9
309 334 333
749 8 7
302 283 273
314 324 313
749 9 8
7 6 749
309 328 331
749 0 189
346 322 336
188 749 189
1 0 749
749 719 748
297 296 283
749 2 1
301 302 295
227 298 310
749 3 2
810 16 15
335 318 576
235 285 242
695 692 756
292 311 280
346 266 433
645 692 695
723 748 719
832 814 831
270 272 274
14 13 810
810 13 12
325 354 356
14 810 15
10 810 11
285 294 288
772 788 769
328 337 329
887 877 917
323 336 322
317 329 337
811 796 742
980 576 334
834 830 832
318 316 300
994 995 210
893 894 879
318 335 226
346 336 266
810 21 20
10 749 810
577 331 330
340 416 338
280 311 298
310 311 308
225 576 980
256 339 257
232 191 241
292 343 291
334 309 331
368 344 366
348 347 258
433 341 346
257 348 258
426 421 251
386 375 385
349 352 351
351 313 349
355 353 354
352 349 366
350 351 370
377 352 366
350 370 345
381 373 379
783 84 83
355 289 350
354 353 356
350 345 355
379 355 345
783 79 78
396 400 401
67 779 68
526 529 519
87 86 391
362 332 279
379 373 378
364 374 591
677 590 671
477 224 572
435 436 473
362 363 332
365 326 364
363 362 361
472 473 589
363 330 331
374 364 304
360 589 365
279 365 362
360 365 364
387 383 375
377 366 344
414 346 422
444 457 459
383 366 349
395 403 388
399 395 398
141 746 142
351 352 370
352 377 371
372 371 369
121 120 382
746 372 369
128 372 129
89 391 90
391 89 88
356 374 304
389 592 359
375 384 385
367 368 387
604 471 468
160 751 161
578 377 344
371 377 369
379 378 353
378 373 380
355 379 353
379 345 381
84 783 391
68 783 69
370 382 345
381 103 102
372 121 382
345 382 381
366 383 368
384 383 349
313 384 349
385 384 264
323 385 264
385 322 386
322 393 386
411 424 413
383 387 368
386 387 375
744 170 169
578 395 579
389 358 592
378 389 359
65 64 779
400 358 389
91 391 92
373 381 391
392 390 401
373 391 392
322 346 393
341 422 346
417 427 431
440 195 445
399 368 367
579 439 578
776 673 773
671 396 672
386 393 414
399 405 403
399 398 368
578 398 395
405 406 404
408 404 406
401 400 380
671 400 396
392 401 380
390 778 782
414 402 386
406 405 399
402 406 367
409 405 410
451 431 442
409 388 403
406 399 367
405 404 410
402 397 406
406 397 408
443 408 411
736 735 388
397 411 408
443 394 451
405 409 403
409 407 736
452 404 443
409 410 407
397 402 414
443 411 394
421 341 348
426 251 338
424 411 397
413 412 418
346 414 393
412 413 424
415 420 416
432 428 416
432 340 193
418 420 415
415 427 417
194 429 427
423 420 412
417 418 415
420 423 419
419 421 426
412 420 418
416 420 419
251 421 348
421 419 423
341 421 423
412 414 422
412 422 423
423 422 341
397 414 424
412 424 414
193 194 425
194 427 428
338 416 426
419 426 416
428 427 415
430 195 440
416 428 415
194 428 425
440 431 429
194 430 429
441 445 448
440 429 430
427 429 431
394 417 431
193 425 432
428 432 425
268 433 266
341 433 347
434 483 484
503 494 500
589 473 361
437 438 475
473 363 361
475 483 482
574 572 571
438 574 436
483 475 435
438 437 574
714 595 715
595 376 581
440 449 431
465 454 587
452 410 404
449 445 447
408 443 404
442 449 447
410 444 407
453 442 447
444 452 453
446 445 195
445 441 447
195 196 446
448 446 463
447 441 461
457 453 450
445 446 448
463 446 196
431 449 442
445 449 440
456 462 465
453 457 444
431 451 394
442 443 451
453 452 443
410 452 444
442 453 443
447 450 453
197 588 606
459 460 741
457 450 458
581 455 583
456 461 462
583 454 582
450 461 458
459 457 455
456 465 587
455 457 458
460 459 455
444 459 407
458 583 455
739 741 376
447 461 450
462 461 441
448 462 441
464 468 466
196 462 463
448 463 462
454 465 466
466 465 467
467 462 196
464 466 467
611 608 610
462 467 465
464 467 196
464 197 468
604 606 603
605 607 610
602 620 600
376 460 581
454 466 471
468 471 466
580 581 583
493 484 489
489 484 483
473 436 363
473 472 489
223 476 479
474 479 480
435 475 438
476 480 479
475 474 477
477 437 475
505 481 482
480 224 477
495 434 484
223 479 485
479 481 485
224 480 476
474 480 477
482 481 474
485 481 478
482 474 475
482 434 505
435 473 489
434 482 483
360 670 493
494 495 496
488 485 478
485 488 487
506 478 505
536 501 525
222 223 487
223 485 487
542 519 533
488 486 492
489 483 435
493 489 472
490 493 670
498 494 496
498 510 491
486 488 502
558 486 554
222 487 492
493 472 589
496 493 490
484 496 495
495 494 504
484 493 496
504 494 503
490 499 496
498 491 500
499 590 497
681 357 679
499 498 496
511 507 510
499 490 670
499 497 516
508 503 512
494 498 500
508 501 503
508 525 501
488 478 502
504 434 495
512 500 491
502 506 509
503 501 509
505 504 506
505 478 481
434 504 505
504 503 509
478 506 502
683 684 678
551 539 545
510 514 491
533 541 532
502 509 501
504 509 506
510 516 511
520 514 521
516 510 498
677 511 497
500 512 503
522 512 491
520 513 523
545 559 534
507 514 510
523 518 522
512 522 508
540 548 535
499 516 498
497 511 516
682 679 675
763 537 538
528 527 518
526 527 529
525 508 526
533 519 531
521 514 507
538 537 544
675 679 357
517 520 521
514 522 491
518 508 522
520 523 514
513 518 523
524 527 528
547 529 524
526 508 518
536 525 519
527 526 518
519 525 526
528 518 513
527 524 529
513 520 538
524 528 534
547 524 559
531 529 515
544 543 534
530 543 808
533 515 540
519 529 531
557 567 555
501 556 502
561 540 515
532 542 533
544 528 513
545 534 530
565 552 535
540 541 533
536 542 554
501 536 556
765 766 767
808 543 537
520 517 538
763 764 762
551 546 566
561 529 547
515 529 561
540 535 541
552 541 535
552 553 541
554 542 532
519 542 536
544 534 528
537 809 808
538 544 513
543 544 537
820 530 808
545 539 559
218 566 546
545 530 551
560 547 559
562 548 564
547 560 568
570 565 563
565 219 563
553 569 549
550 558 555
553 557 541
217 546 551
565 562 219
569 552 565
554 532 555
567 557 553
556 486 502
557 555 532
558 550 222
536 554 556
486 556 554
541 557 532
553 221 567
492 558 222
554 555 558
559 524 534
560 559 539
566 560 539
218 564 568
568 561 547
540 561 548
535 548 562
548 568 564
549 570 220
565 535 562
218 219 564
219 562 564
220 570 563
560 566 218
551 566 539
221 550 567
555 567 550
568 548 561
218 568 560
221 553 549
570 549 569
565 570 569
224 225 571
575 573 574
477 572 437
224 571 572
225 980 575
577 334 331
574 330 436
574 437 572
571 225 575
576 318 333
577 980 334
226 316 318
574 577 330
576 225 335
578 344 398
745 578 439
395 388 579
747 579 388
586 585 582
580 582 585
455 581 460
596 580 585
471 470 582
586 469 584
458 456 587
582 580 583
609 614 615
597 599 594
586 582 470
585 584 596
586 470 603
584 585 586
454 583 587
458 587 583
607 588 198
605 603 606
365 589 361
493 589 360
360 364 591
592 671 590
591 374 359
591 590 670
590 591 592
592 591 359
625 627 618
593 618 627
627 639 643
376 595 714
580 595 581
737 715 716
643 690 627
715 597 594
595 596 597
600 599 597
596 584 600
584 602 600
600 597 596
687 636 637
469 630 602
598 599 600
603 605 631
601 615 619
469 602 584
601 619 620
586 603 469
604 603 470
471 604 470
197 604 468
631 609 630
197 606 604
606 588 607
610 607 198
606 607 605
617 621 628
630 609 601
612 605 610
612 614 609
611 610 198
612 610 608
198 199 611
611 199 632
614 612 633
612 609 631
602 630 601
618 617 625
633 612 608
614 613 615
613 616 615
619 598 620
618 616 621
619 616 593
617 618 621
629 617 644
621 616 613
202 691 629
616 619 615
593 688 689
600 620 598
601 620 602
613 614 633
621 613 623
203 654 640
656 639 642
611 632 608
847 843 685
628 621 843
844 685 843
638 624 847
625 622 627
625 617 629
629 622 625
665 664 658
639 627 622
843 621 623
626 638 201
628 624 638
629 626 202
631 630 469
603 631 469
612 631 605
846 844 632
608 632 844
608 623 633
613 633 623
655 661 659
686 598 689
653 652 649
686 636 687
648 647 667
173 726 174
687 599 598
716 636 705
644 626 629
628 638 617
642 639 622
641 639 634
622 691 642
642 640 656
662 659 661
641 690 643
622 629 691
691 640 642
639 641 643
641 648 690
617 638 644
626 644 638
692 645 702
187 726 188
648 649 647
697 668 646
649 641 634
646 701 697
690 648 635
649 648 641
653 654 664
647 649 651
669 754 660
651 646 668
649 634 653
652 651 649
652 650 659
651 652 662
654 653 634
650 652 653
656 654 634
654 203 658
659 650 660
975 976 963
656 634 639
657 640 691
203 640 657
656 640 654
203 204 658
669 665 204
650 665 660
692 661 655
660 665 669
655 659 660
701 702 696
646 651 662
659 662 652
662 661 701
701 696 697
697 700 663
653 664 650
654 658 664
664 665 650
204 665 658
204 205 666
755 754 666
647 651 668
636 667 663
663 667 668
647 668 667
204 666 669
754 669 666
591 670 360
499 670 590
671 358 400
671 672 677
401 782 396
677 672 357
39 792 40
537 763 809
766 761 767
521 680 765
684 672 396
675 674 682
680 521 507
766 768 761
511 677 357
590 677 497
779 61 60
790 53 52
676 680 679
511 681 507
676 765 680
681 680 507
357 681 511
680 681 679
766 682 674
679 682 676
675 672 684
770 683 678
396 782 684
675 684 683
845 848 846
850 849 847
598 619 689
635 636 686
599 687 637
598 686 687
688 593 627
635 686 688
593 689 619
686 689 688
635 688 690
690 688 627
657 691 202
660 754 655
756 760 695
759 757 945
884 879 743
955 743 876
12 11 810
756 692 655
695 694 949
707 704 703
175 726 176
708 700 709
709 696 704
706 696 702
181 180 726
708 713 699
636 663 710
696 706 704
857 699 730
662 701 646
702 701 661
692 702 661
706 702 645
851 645 695
723 721 724
852 703 853
700 697 709
718 728 713
716 637 636
853 645 851
704 706 703
713 707 698
700 708 699
704 707 708
713 708 707
696 709 697
708 709 704
711 700 699
636 710 705
705 710 711
700 711 710
699 713 730
739 714 712
717 718 720
728 730 713
595 597 715
712 740 739
716 715 594
712 714 715
637 716 594
716 705 737
167 166 744
733 737 857
720 718 721
729 728 718
721 719 720
724 721 698
721 718 698
726 720 719
703 725 707
706 853 703
953 954 942
23 22 810
942 854 856
26 25 810
725 698 707
723 724 722
722 724 725
725 724 698
726 719 749
179 726 180
729 727 728
727 729 732
729 718 717
728 727 730
731 729 717
729 734 732
733 730 727
737 705 857
744 717 726
156 155 751
747 439 579
738 733 727
732 747 738
737 733 712
729 731 734
439 734 731
409 736 388
712 733 740
741 736 407
739 376 714
737 712 715
705 711 857
732 738 727
740 738 735
735 736 739
739 736 741
738 740 733
739 740 735
459 741 407
376 741 460
723 722 753
791 787 780
921 932 931
871 915 887
173 744 726
165 744 166
439 731 745
731 744 751
369 745 746
751 746 745
735 747 388
439 747 732
811 748 723
810 742 793
6 5 749
4 749 5
722 852 855
840 947 802
154 751 155
731 751 745
855 852 856
794 796 822
855 753 722
811 753 752
755 666 205
756 754 755
975 990 970
755 759 756
760 756 693
655 754 756
859 758 206
757 759 858
205 758 858
755 858 759
756 759 693
858 755 205
760 693 943
695 760 694
761 768 773
764 763 538
761 773 786
762 815 809
764 538 517
789 815 762
765 764 517
761 786 789
765 517 521
765 676 766
682 766 676
768 766 674
762 764 767
767 764 765
769 768 674
768 776 773
770 674 683
790 49 48
774 771 772
674 770 769
37 792 38
785 788 780
774 770 678
772 771 780
798 800 786
798 786 773
678 778 774
779 64 63
812 784 796
947 797 801
768 769 776
776 769 788
800 803 781
826 831 874
678 684 782
779 390 783
61 779 62
774 778 779
784 787 791
785 780 775
824 805 806
767 761 789
390 782 401
782 778 678
783 390 392
76 75 783
792 32 31
742 796 793
785 775 802
673 776 788
798 773 673
789 762 767
791 780 771
793 796 784
780 788 772
673 788 785
786 804 789
804 806 789
51 790 52
774 790 771
771 790 791
790 43 792
33 792 34
784 791 792
796 811 822
784 792 793
794 822 823
787 795 775
784 795 787
842 794 823
748 811 742
812 796 794
673 785 802
801 797 798
801 673 799
798 797 800
841 795 839
839 794 842
803 800 797
786 800 781
673 801 798
801 799 947
775 795 841
673 802 799
866 797 865
777 814 803
786 781 804
781 825 824
814 825 803
862 863 818
781 806 804
806 805 816
819 863 862
820 808 864
808 809 827
551 820 217
762 809 763
809 807 827
742 810 749
810 793 792
753 811 723
823 828 750
839 812 794
784 812 795
814 838 825
946 819 861
831 814 777
813 825 838
816 815 806
809 815 807
818 816 805
815 816 807
807 816 818
820 817 217
805 862 818
818 863 821
805 824 861
216 863 860
530 820 551
827 864 808
821 827 818
827 821 864
828 811 752
822 828 823
836 750 952
836 823 750
781 824 806
861 824 813
824 825 813
803 825 781
866 873 777
213 948 933
818 827 807
864 817 820
811 828 822
828 752 941
916 888 889
837 842 836
934 937 936
215 860 819
873 885 886
832 831 826
214 833 834
832 830 838
833 946 835
834 832 826
835 834 833
946 833 215
830 834 835
952 750 951
836 829 875
869 867 868
812 839 795
832 838 814
861 838 830
777 803 866
802 775 840
837 868 839
802 947 799
870 839 868
775 841 840
836 842 823
839 842 837
628 843 624
844 843 623
608 844 623
846 632 199
199 200 845
624 843 847
844 846 685
199 845 846
201 847 849
848 850 847
846 848 685
845 200 850
638 847 201
845 850 848
200 849 850
750 828 941
725 852 722
703 852 725
852 851 856
645 853 706
852 853 851
942 856 949
760 943 694
941 855 854
753 855 752
856 851 949
855 856 854
699 857 711
733 857 730
858 758 859
972 990 974
858 859 757
821 863 216
819 862 861
838 861 813
830 835 946
216 817 821
805 861 862
817 864 821
819 860 863
870 841 839
865 947 870
797 866 803
888 890 915
875 868 837
869 876 878
837 836 875
870 868 867
876 869 875
877 880 878
870 867 916
841 870 840
878 880 882
934 935 938
831 886 874
871 887 929
889 866 865
885 873 871
886 831 777
874 872 935
876 875 829
868 875 869
955 829 952
879 878 743
879 877 878
922 895 918
743 878 876
887 880 877
954 953 967
907 898 905
915 873 888
878 882 869
903 881 910
892 897 899
880 915 890
867 869 882
750 941 951
905 902 982
958 960 955
893 892 894
871 929 940
886 885 872
874 886 872
777 873 886
917 894 895
940 939 872
873 866 889
882 890 867
916 889 865
873 889 888
880 890 882
916 890 888
892 893 897
923 909 913
893 879 884
883 896 893
884 883 893
896 883 919
894 892 895
879 894 877
892 918 895
909 923 891
982 904 905
897 896 900
893 896 897
900 899 897
978 903 910
898 902 905
912 899 898
918 899 891
959 969 881
898 899 900
898 900 902
881 903 896
903 900 896
208 981 985
901 902 903
903 902 900
987 904 984
907 904 989
982 902 901
989 904 987
938 932 948
909 912 907
904 907 905
909 907 906
976 979 977
983 977 208
913 909 906
891 899 912
910 881 969
976 910 963
989 988 906
920 913 928
907 912 898
891 912 909
887 915 880
928 913 906
920 911 212
887 930 929
873 915 871
870 916 865
890 916 867
894 917 877
930 917 895
899 918 892
925 922 918
883 957 959
881 896 919
924 920 212
913 920 923
924 927 921
929 930 914
925 918 891
922 931 930
924 923 920
925 921 922
926 924 212
923 924 921
891 923 925
921 925 923
212 213 926
927 926 933
924 926 927
933 926 213
211 911 928
928 911 920
887 917 930
914 939 940
895 922 930
931 922 921
921 927 932
914 930 931
937 214 936
931 932 938
935 934 936
927 933 932
936 214 834
874 935 826
872 939 935
933 948 932
834 826 936
935 936 826
937 948 213
934 948 937
939 938 935
931 938 914
940 872 885
938 939 914
871 940 885
914 940 929
855 941 752
942 954 854
949 943 942
743 960 957
945 944 693
943 693 944
990 991 970
883 884 957
759 945 693
973 945 757
819 946 215
830 946 861
870 947 840
947 865 797
938 948 934
695 949 851
943 949 694
942 943 961
964 959 956
854 951 941
836 952 829
951 950 952
958 955 952
943 944 961
959 881 919
950 951 954
854 954 951
829 955 876
950 966 958
950 954 967
919 883 959
743 957 884
957 956 959
950 958 952
960 956 957
966 962 964
979 975 207
955 960 743
956 960 958
968 961 944
942 961 953
968 953 961
859 971 757
965 959 964
963 969 965
966 964 956
964 962 965
968 962 967
968 973 972
958 966 956
967 966 950
968 967 953
966 967 962
757 971 973
965 962 968
965 969 959
910 969 963
207 975 970
963 965 974
206 971 859
990 972 971
965 968 972
973 968 944
973 944 945
971 972 973
972 974 965
975 974 990
908 208 977
963 974 975
910 976 977
207 908 979
983 978 977
903 978 901
910 977 978
977 979 908
975 979 976
980 573 575
984 981 209
984 982 985
983 982 901
985 982 983
978 983 901
209 993 987
982 984 904
208 985 983
984 985 981
987 993 986
988 211 928
209 987 984
989 987 986
906 988 928
992 995 986
988 989 986
989 906 907
991 990 971
971 206 991
970 991 206
209 210 992
210 995 992
209 992 993
986 993 992
211 988 994
994 988 986
994 986 995
0
36
190 -0.7500000000000004 0.0
200 -0.7500000000000004 0.0
201 -0.75 0.0
202 -0.75 0.0
203 -0.7499999999999998 0.0
204 -0.7499999999999998 0.0
205 -0.5000000000000002 0.0
206 -0.5000000000000002 0.0
207 -0.5000000000000002 0.0
208 -0.4999999999999999 0.0
209 -0.4999999999999999 0.0
210 -0.4999999999999999 0.0
220 -0.4999999999999999 0.0
221 -0.4999999999999999 0.0
222 -0.4999999999999999 0.0
223 -0.4999999999999999 0.0
224 -0.24999999999999994 0.0
225 -0.24999999999999994 0.0
226 0.24999999999999994 0.0
227 0.4999999999999999 0.0
228 0.4999999999999999 0.0
229 0.4999999999999999 0.0
231 0.4999999999999999 0.0
238 0.4999999999999999 0.0
293 0.4999999999999999 0.0
335 0.4999999999999999 0.0
476 0.4999999999999999 0.0
549 0.5000000000000002 0.0
550 0.5000000000000002 0.0
626 0.5000000000000002 0.0
657 0.5000000000000002 0.0
758 0.5000000000000004 0.0
849 0.7499999999999998 0.0
908 0.7499999999999998 0.0
970 0.7500000000000001 0.0
981 1.0 0.0
0
54
190 -0.7500000000000004 0.0
190 -0.7500000000000004 0.0
200 -0.7500000000000004 0.0
201 -0.7500000000000004 0.0
202 -0.75 0.0
203 -0.75 0.0
204 -0.75 0.0
205 -0.75 0.0
206 -0.7499999999999998 0.0
207 -0.7499999999999998 0.0
208 -0.7499999999999998 0.0
209 -0.7499999999999998 0.0
210 -0.5000000000000002 0.0
220 -0.5000000000000002 0.0
220 -0.5000000000000002 0.0
221 -0.5000000000000002 0.0
221 -0.5000000000000002 0.0
222 -0.5000000000000002 0.0
222 -0.4999999999999999 0.0
223 -0.4999999999999999 0.0
223 -0.4999999999999999 0.0
224 -0.4999999999999999 0.0
224 -0.4999999999999999 0.0
225 -0.4999999999999999 0.0
225 -0.4999999999999999 0.0
226 -0.4999999999999999 0.0
226 -0.4999999999999999 0.0
227 -0.4999999999999999 0.0
227 -0.4999999999999999 0.0
228 -0.4999999999999999 0.0
228 -0.4999999999999999 0.0
229 -0.4999999999999999 0.0
229 -0.24999999999999994 0.0
231 -0.24999999999999994 0.0
231 -0.24999999999999994 0.0
238 -0.24999999999999994 0.0
238 0.24999999999999994 0.0
293 0.4999999999999999 0.0
293 0.4999999999999999 0.0
335 0.4999999999999999 0.0
335 0.4999999999999999 0.0
476 0.4999999999999999 0.0
476 0.4999999999999999 0.0
549 0.4999999999999999 0.0
549 0.4999999999999999 0.0
550 0.5000000000000002 0.0
550 0.5000000000000002 0.0
626 0.5000000000000002 0.0
657 0.5000000000000002 0.0
758 0.5000000000000004 0.0
849 0.7499999999999998 0.0
908 0.7499999999999998 0.0
970 0.7500000000000001 0.0
981 1.0 0.0
0
