0.3 2000
1013
0.05 0.0
0.04994965332706574 0.002243241517525746
0.04979871469976196 0.004481965445171675
0.04954748808839674 0.006711663290882773
0.04919647942993149 0.008927844739931834
0.048746395609091185 0.01112604669781572
0.04819814303479267 0.013301842278333757
0.04755282581475768 0.01545084971874737
0.04681174353198686 0.017568741204067134
0.045976388627572536 0.01965125158269618
0.04504844339512096 0.02169418695587791
0.044029776592836904 0.023693433123649934
0.04292243968009331 0.025644963870295308
0.041728662686065135 0.027544849072605126
0.04045084971874738 0.029389262614623657
0.039091574123401494 0.031174490092936675
0.03765357330018055 0.03289693629698563
0.03613974319136958 0.034553132449343237
0.034553132449343237 0.03613974319136958
0.03289693629698563 0.03765357330018054
0.031174490092936682 0.039091574123401494
0.029389262614623657 0.04045084971874738
0.027544849072605126 0.041728662686065135
0.025644963870295308 0.04292243968009331
0.023693433123649937 0.044029776592836904
0.02169418695587791 0.04504844339512096
0.019651251582696184 0.04597638862757253
0.017568741204067137 0.04681174353198686
0.015450849718747373 0.04755282581475768
0.01330184227833376 0.04819814303479267
0.011126046697815722 0.048746395609091185
0.008927844739931835 0.04919647942993149
0.006711663290882778 0.049547488088396735
0.004481965445171677 0.04979871469976196
0.0022432415175257492 0.04994965332706573
3.061616997868383e-18 0.05
-0.002243241517525743 0.04994965332706574
-0.004481965445171672 0.04979871469976196
-0.006711663290882771 0.04954748808839674
-0.008927844739931828 0.04919647942993149
-0.011126046697815717 0.048746395609091185
-0.013301842278333753 0.04819814303479267
-0.015450849718747368 0.047552825814757685
-0.017568741204067134 0.04681174353198686
-0.019651251582696178 0.045976388627572536
-0.021694186955877905 0.04504844339512096
-0.02369343312364993 0.044029776592836904
-0.0256449638702953 0.04292243968009331
-0.027544849072605123 0.041728662686065135
-0.029389262614623653 0.04045084971874738
-0.031174490092936675 0.0390915741234015
-0.032896936296985625 0.03765357330018055
-0.03455313244934323 0.03613974319136958
-0.036139743191369575 0.034553132449343237
-0.03765357330018054 0.03289693629698564
-0.03909157412340149 0.031174490092936682
-0.04045084971874737 0.029389262614623664
-0.04172866268606513 0.027544849072605133
-0.04292243968009331 0.025644963870295315
-0.044029776592836904 0.023693433123649937
-0.04504844339512096 0.021694186955877912
-0.04597638862757253 0.019651251582696188
-0.04681174353198686 0.01756874120406714
-0.04755282581475768 0.015450849718747377
-0.04819814303479267 0.013301842278333762
-0.048746395609091185 0.011126046697815726
-0.04919647942993149 0.008927844739931839
-0.049547488088396735 0.00671166329088278
-0.04979871469976196 0.004481965445171681
-0.04994965332706573 0.0022432415175257527
-0.05 6.123233995736766e-18
-0.04994965332706574 -0.00224324151752574
-0.04979871469976196 -0.004481965445171669
-0.04954748808839674 -0.006711663290882768
-0.04919647942993149 -0.008927844739931827
-0.048746395609091185 -0.011126046697815715
-0.04819814303479267 -0.013301842278333748
-0.047552825814757685 -0.015450849718747365
-0.04681174353198687 -0.01756874120406713
-0.045976388627572536 -0.019651251582696178
-0.04504844339512096 -0.021694186955877902
-0.04402977659283691 -0.023693433123649927
-0.042922439680093315 -0.0256449638702953
-0.04172866268606514 -0.027544849072605123
-0.04045084971874738 -0.029389262614623653
-0.0390915741234015 -0.03117449009293667
-0.03765357330018055 -0.032896936296985625
-0.03613974319136958 -0.03455313244934323
-0.034553132449343237 -0.036139743191369575
-0.03289693629698564 -0.03765357330018054
-0.031174490092936685 -0.03909157412340149
-0.029389262614623664 -0.04045084971874737
-0.027544849072605133 -0.04172866268606513
-0.025644963870295315 -0.0429224396800933
-0.02369343312364994 -0.0440297765928369
-0.021694186955877916 -0.04504844339512096
-0.01965125158269619 -0.04597638862757253
-0.017568741204067144 -0.04681174353198686
-0.015450849718747378 -0.04755282581475768
-0.013301842278333765 -0.04819814303479267
-0.01112604669781573 -0.048746395609091185
-0.00892784473993184 -0.04919647942993149
-0.006711663290882783 -0.049547488088396735
-0.004481965445171684 -0.04979871469976196
-0.0022432415175257553 -0.04994965332706573
-9.184850993605149e-18 -0.05
0.002243241517525737 -0.04994965332706574
0.004481965445171666 -0.04979871469976196
0.0067116632908827654 -0.04954748808839674
0.008927844739931823 -0.04919647942993149
0.011126046697815712 -0.048746395609091185
0.013301842278333746 -0.04819814303479267
0.015450849718747363 -0.047552825814757685
0.017568741204067127 -0.04681174353198687
0.019651251582696174 -0.045976388627572536
0.0216941869558779 -0.045048443395120964
0.023693433123649923 -0.04402977659283691
0.025644963870295297 -0.042922439680093315
0.027544849072605116 -0.04172866268606514
0.029389262614623646 -0.04045084971874738
0.03117449009293667 -0.0390915741234015
0.032896936296985625 -0.03765357330018056
0.03455313244934323 -0.03613974319136958
0.03613974319136957 -0.034553132449343237
0.03765357330018054 -0.03289693629698564
0.03909157412340149 -0.031174490092936685
0.04045084971874737 -0.02938926261462367
0.04172866268606513 -0.02754484907260514
0.0429224396800933 -0.025644963870295318
0.0440297765928369 -0.023693433123649944
0.04504844339512096 -0.02169418695587792
0.04597638862757253 -0.01965125158269619
0.04681174353198686 -0.017568741204067147
0.04755282581475768 -0.015450849718747384
0.04819814303479267 -0.013301842278333767
0.04874639560909118 -0.011126046697815733
0.04919647942993149 -0.008927844739931844
0.049547488088396735 -0.006711663290882786
0.04979871469976195 -0.004481965445171688
0.04994965332706573 -0.0022432415175257583
-0.5 -0.5
-0.475 -0.5
-0.45 -0.5
-0.425 -0.5
-0.4 -0.5
-0.375 -0.5
-0.35 -0.5
-0.325 -0.5
-0.3 -0.5
-0.275 -0.5
-0.25 -0.5
-0.22499999999999998 -0.5
-0.2 -0.5
-0.175 -0.5
-0.15000000000000002 -0.5
-0.125 -0.5
-0.09999999999999998 -0.5
-0.07500000000000001 -0.5
-0.04999999999999999 -0.5
-0.025000000000000022 -0.5
0.0 -0.5
0.025000000000000022 -0.5
0.050000000000000044 -0.5
0.07499999999999996 -0.5
0.09999999999999998 -0.5
0.125 -0.5
0.15000000000000002 -0.5
0.17500000000000004 -0.5
0.19999999999999996 -0.5
0.22499999999999998 -0.5
0.25 -0.5
0.275 -0.5
0.30000000000000004 -0.5
0.32499999999999996 -0.5
0.35 -0.5
0.375 -0.5
0.4 -0.5
0.42500000000000004 -0.5
0.44999999999999996 -0.5
0.475 -0.5
0.5 -0.5
0.5 -0.475
0.5 -0.45
0.5 -0.425
0.5 -0.4
0.5 -0.375
0.5 -0.35
0.5 -0.325
0.5 -0.3
0.5 -0.275
0.5 -0.25
0.5 -0.22499999999999998
0.5 -0.2
0.5 -0.175
0.5 -0.15000000000000002
0.5 -0.125
0.5 -0.09999999999999998
0.5 -0.07500000000000001
0.5 -0.04999999999999999
0.5 -0.025000000000000022
0.5 0.0
0.5 0.025000000000000022
0.5 0.050000000000000044
0.5 0.07499999999999996
0.5 0.09999999999999998
0.5 0.125
0.5 0.15000000000000002
0.5 0.17500000000000004
0.5 0.19999999999999996
0.5 0.22499999999999998
0.5 0.25
0.5 0.275
0.5 0.30000000000000004
0.5 0.32499999999999996
0.5 0.35
0.5 0.375
0.5 0.4
0.5 0.42500000000000004
0.5 0.44999999999999996
0.5 0.475
0.5 0.5
0.475 0.5
0.45 0.5
0.425 0.5
0.4 0.5
0.375 0.5
0.35 0.5
0.325 0.5
0.3 0.5
0.275 0.5
0.25 0.5
0.22499999999999998 0.5
0.2 0.5
0.175 0.5
0.15000000000000002 0.5
0.125 0.5
0.09999999999999998 0.5
0.07500000000000001 0.5
0.04999999999999999 0.5
0.025000000000000022 0.5
0.0 0.5
-0.025000000000000022 0.5
-0.050000000000000044 0.5
-0.07499999999999996 0.5
-0.09999999999999998 0.5
-0.125 0.5
-0.15000000000000002 0.5
-0.17500000000000004 0.5
-0.19999999999999996 0.5
-0.22499999999999998 0.5
-0.25 0.5
-0.275 0.5
-0.30000000000000004 0.5
-0.32499999999999996 0.5
-0.35 0.5
-0.375 0.5
-0.4 0.5
-0.42500000000000004 0.5
-0.44999999999999996 0.5
-0.475 0.5
-0.5 0.5
-0.5 0.475
-0.5 0.45
-0.5 0.425
-0.5 0.4
-0.5 0.375
-0.5 0.35
-0.5 0.325
-0.5 0.3
-0.5 0.275
-0.5 0.25
-0.5 0.22499999999999998
-0.5 0.2
-0.5 0.175
-0.5 0.15000000000000002
-0.5 0.125
-0.5 0.09999999999999998
-0.5 0.07500000000000001
-0.5 0.04999999999999999
-0.5 0.025000000000000022
-0.5 0.0
-0.5 -0.025000000000000022
-0.5 -0.050000000000000044
-0.5 -0.07499999999999996
-0.5 -0.09999999999999998
-0.5 -0.125
-0.5 -0.15000000000000002
-0.5 -0.17500000000000004
-0.5 -0.19999999999999996
-0.5 -0.22499999999999998
-0.5 -0.25
-0.5 -0.275
-0.5 -0.30000000000000004
-0.5 -0.32499999999999996
-0.5 -0.35
-0.5 -0.375
-0.5 -0.4
-0.5 -0.42500000000000004
-0.5 -0.44999999999999996
-0.5 -0.475
-0.3875 -0.3875
-0.1375 -0.2579836160692899
-0.2716219365916335 -0.062499999999999806
-0.23411146428819518 0.2125
-0.3875 0.3875
-0.012500000000000011 0.27503154132424756
0.1125000000000005 -0.2636663882770113
0.3125000000000002 -0.3124999999999999
0.41250000000000003 -0.4125
0.27389499250393684 -0.037500000000000006
0.26249999999999996 0.2625
0.3875 0.3875
-0.4 -0.28750000000000003
-0.44166666666666665 -0.3625
-0.4125 -0.44166666666666665
-0.3375 -0.43333333333333335
-0.1625 -0.37802338186368334
-0.3519444275056446 0.0625
-0.3861530545664245 -0.0625
-0.36734955827613014 0.2125
-0.16250000000000003 0.34760312727391396
-0.3625 0.44166666666666665
-0.44166666666666665 0.4125
-0.43333333333333335 0.3375
-0.012500000000000013 0.38786304156605345
-0.012500000000000013 -0.3491066812078537
0.11249999999999999 -0.382163764976189
0.3125 -0.4066666666666666
0.4066666666666668 -0.3125
0.41250000000000003 -0.45714285714285713
0.4571428571428572 -0.4125
0.38729302154955103 -0.037500000000000006
0.381578947368421 0.2625
0.2625 0.3815789473684211
0.44166666666666665 0.3625
0.4125 0.44166666666666665
0.3375 0.43333333333333335
-0.43828125 -0.2375
-0.45078125 -0.28750000000000003
-0.45228174603174603 -0.41250000000000003
-0.1625 -0.4396521825374762
-0.42649988723841825 0.0625
-0.44376275561988365 -0.0625
-0.43426373307583355 0.2125
-0.16250000000000003 0.4243142053900487
-0.41250000000000003 0.45228174603174603
-0.012500000000000011 0.4446282134799846
0.11249999999999999 0.37495894378419653
-0.012500000000000013 -0.4250710904991864
0.11249999999999999 -0.4417448788914013
0.3125 -0.45417038690476186
0.21249999999999997 -0.4005989583333333
0.45417038690476197 -0.3125
0.42403645833333337 -0.2375
0.44433967992076895 -0.037500000000000006
0.39997685457718807 0.0625
0.3999768545771881 -0.1375
0.4414491959064327 0.2625
0.2625 0.4414491959064328
0.45228174603174603 0.41250000000000003
0.1625 0.4281075500972479
0.0875 0.4356050875331282
0.21249999999999997 -0.4510854367249585
0.44764521963391307 0.03750000000000003
0.4382723890151892 0.11249999999999999
0.4476452196339131 -0.1625
-0.425390625 -0.3224681712962963
-0.4627244887291477 -0.3228743038554937
-0.40494057331614164 -0.3541073532960847
-0.425390625 -0.26728515625000004
-0.466453125 -0.25701953125
-0.4538262543718052 -0.45632002695145857
-0.4259675555167775 -0.46928671429402385
-0.47221558475591996 -0.4337346321669636
-0.4173539660357956 -0.4065738105475815
-0.46776114027645205 -0.3830869009321125
-0.45632002695145857 0.4538262543718052
-0.46928671429402385 0.4259675555167775
-0.4337346321669636 0.47221558475591996
-0.4065738105475815 0.4173539660357956
-0.3830869009321125 0.46776114027645205
0.3631193199244216 -0.4348214285714285
0.4304185267857144 -0.36128461371527776
0.43041852678571435 -0.27848946707589284
0.4653423640537303 -0.27939881792043875
0.4538262543718052 0.45632002695145857
0.4259675555167775 0.46928671429402385
0.47221558475591996 0.4337346321669636
0.4173539660357956 0.4065738105475815
0.46776114027645205 0.3830869009321125
0.26318514846338986 -0.43041852678571424
0.1644216292529379 -0.4258421975291459
-0.46994864577778034 -0.3521214580740859
0.39285461046417647 -0.4348214285714285
0.33242865804640537 -0.43041852678571424
0.4304185267857144 -0.33111024960484026
0.43482142857142864 -0.3915672753004483
0.4644898078826994 -0.37179227874101783
0.4696373016147242 -0.34035224003453307
0.46248652190127826 -0.24090414602737092
0.4464369116222247 -0.20333546866197794
0.39227282904874045 -0.19224788067993037
0.47027583638739573 -0.1836052435130344
0.41715067893503316 -0.20855939125773693
0.2935624622728867 -0.43041852678571424
0.23176309775469864 -0.42584219752914587
0.1950877147813161 -0.42584219752914587
-0.37633258258258256 -0.42550675675675675
-0.38133903531630803 -0.4628548560366742
-0.3473696438541663 -0.4659879834440105
-0.2748561035425559 0.36836307342989755
-0.2375 0.4294745426207718
-0.42550675675675675 0.37633258258258256
-0.4628548560366742 0.38133903531630803
-0.4659879834440105 0.3473696438541663
0.45648809523809525 -0.45648809523809525
0.39135735535351845 0.3246770477104012
0.37633258258258256 0.42550675675675675
0.38133903531630803 0.4628548560366742
0.3473696438541663 0.4659879834440105
-0.2483129867770652 -0.40883778220057976
-0.2375 -0.4546346017198228
-0.2048717818320212 -0.4227558994978123
-0.2871144621977576 -0.4421740386751725
-0.19922227207982196 -0.4611752669581247
-0.17476706279097037 -0.40883778220057976
-0.21281571624308332 -0.3727971270275054
-0.25908013102939476 -0.4355549141287615
-0.302959994239401 -0.38448128997711023
-0.34669589446755833 -0.3449376888275947
-0.37427253412428985 -0.3593406323861133
-0.3450782408349293 -0.3902406316025352
-0.37731979930019066 -0.3199048566129082
-0.2739870848068172 -0.2247411102030381
-0.33277588879849285 -0.2645891374449914
-0.38012896723239836 -0.2300144795173823
-0.3630666759153836 -0.28578969819342637
-0.32549571895724594 -0.3072304555529189
-0.3620623307711705 -0.2549850707640596
-0.3054721452429847 -0.3433016440335896
-0.2809960799756693 -0.2776908815669237
-0.26014785817881814 -0.3612030999889264
-0.3097873078346718 -0.2826064197831921
-0.2672789975281623 -0.4682004976798364
-0.22146167762822266 -0.39978288756233415
-0.18102394460249321 -0.3115423182908196
-0.30867881554722326 -0.41707437797721353
-0.27246848685306085 -0.38955170143857926
-0.269774423379699 -0.3192478892582945
-0.22798012777593119 -0.28566855949016534
-0.2562364825083639 -0.2932986350676983
-0.18485556249556714 -0.3484311812917711
-0.2254210824725587 -0.3301071061396591
-0.20905696164935178 -0.3068718031205811
-0.4149579050931541 -0.1428353628130157
-0.45298715211624807 -0.11249999999999999
-0.45612404733199974 -0.16250000000000003
-0.41103351574356456 -0.09891070256504177
-0.32887404951554733 -0.1283887686845509
-0.41495790509315406 -0.06952294439754779
-0.3661000641333011 -0.10290888670473135
-0.4685406948802205 -0.08377966418521776
-0.4717958217755457 -0.13641838459856798
-0.4164281639126354 -0.1926786280739867
-0.3697963233868605 -0.1482425847545198
-0.32119794794792217 -0.07724053553302583
-0.42851361935704796 -0.16737881841488894
-0.4546630674487178 -0.20177486320469173
-0.4105536614961452 -0.2232808235116462
-0.38977383872097876 -0.12379619323426105
-0.3951099852352136 -0.16836414687226847
-0.3244236138297311 -0.1896628934857384
-0.34322456832037596 -0.22233458652030488
-0.3628627613877079 -0.18928841163285004
-0.30904950978372475 -0.2363029459417531
-0.337429447957224 -0.10095469783145818
-0.2848199920655803 -0.10885009327249721
-0.31631815917222533 -0.002914085270435976
-0.3541084062334396 -0.07177789105645735
-0.33179591551350474 -0.03922132962779827
-0.3019086222610008 -0.05137686764012639
-0.3820916970576636 0.003672432936463306
-0.41904686444282496 -0.0237104333125477
-0.45239001192377154 0.012500000000000013
-0.3502350811613193 -0.009908023179902966
-0.340074692464566 0.026556022518304277
-0.3775454340514642 -0.029817445761169237
-0.47018226669228713 -0.2273432519740743
-0.338857266103255 -0.1599125488054589
-0.3889318046926482 -0.20225931195212093
-0.2929584132564477 -0.08147860052878156
-0.2901033871870168 -0.15637147819441716
-0.14935957601788538 -0.12236795556689467
-0.45802367680616957 -0.02614423795382862
-0.41676901406844497 0.01184371684548613
-0.28872319712628436 -0.1921304439737408
-0.20964044856894457 -0.17602933207139868
-0.2514810580074939 -0.17278688930758726
-0.23343189202838963 -0.21145739834758817
-0.226265188861186 -0.11897797773061353
-0.24342514743373828 -0.24949736315770488
-0.17933648405084926 -0.22208223760361112
-0.25886399278969335 -0.13651433572614596
-0.22871890977190934 -0.15064088923752217
-0.18786418525909332 -0.1398026931860735
-0.21051666300635213 -0.23780994045610246
-0.20415420991178618 -0.205416086055585
-0.16385103492740516 -0.17889558815043158
-0.2519520292588359 -0.09315505018778533
-0.17656056703198267 -0.02314173294357695
-0.2205520625848725 -0.05136901150472252
-0.13556900181578238 -0.21340632043696142
-0.1738605987296025 -0.07574301748912685
-0.19380705831213155 -0.10494312270307939
-0.24048768950820643 0.028093608536998688
-0.29082815027819753 0.06275049965092085
-0.32134549637746873 0.052672794351341604
-0.10904403755017784 -0.1628246079687646
-0.0289360276821152 -0.24035591624192382
-0.1902414399209578 -0.05021389321095356
-0.21993471272587403 -0.08452363148391887
-0.25464075996778396 -0.017689162443272774
-0.1330379215963509 -0.1824879352327639
-0.08504377205807614 -0.23792544236562269
-0.09805917464664682 -0.2006994788961341
-0.05558627545821252 -0.20673786252400517
0.04350392016035047 -0.15555781329511548
-0.0010258094764749384 -0.19085814145157526
-0.025069466214225785 -0.20991841825644447
-0.24855328859670475 -0.04561897263692121
-0.21498830438935235 -0.01164653448201615
-0.27940731958461973 0.015046047598450095
-0.26719521880986186 0.04318906858030016
-0.20659313812169278 0.11923506683201365
-0.24818641355575 0.09021100200651477
-0.3075149986324015 0.02590286074515997
-0.28801144349603836 -0.02087119189080776
-0.1156131488107368 -0.23660123886326298
-0.19947049972012695 0.06471298935831246
-0.1840435781166987 0.02182139754620286
-0.26157036037386455 0.15370592071085895
-0.2172017091456393 0.09012290633060241
-0.21100011667371843 0.03634598956595282
-0.11735194850380216 0.009816337630744153
-0.24139938520380835 0.12479966891374338
-0.29354531789261323 0.11380794856620327
-0.32573484515829315 0.09155718439502755
-0.3442866252920699 0.15280470415900652
-0.32517711280444506 0.1251595334798303
-0.3030118744870221 0.16090832210496747
-0.27555810216573273 0.19604785964902968
-0.3306248075796429 0.19238563201505182
-0.15284146470673832 0.003909977458643944
-0.14257241809811835 0.06095754387834758
-0.277605018698699 0.0890552316383767
-0.28578662238415314 0.28224856666963194
-0.32523302703324064 0.24581308018332126
-0.33923914190166243 0.22024075908657775
-0.1718401957007908 0.05043073217686334
-0.26921758148587943 0.2405074300491703
-0.20578263653561982 0.28401469966958326
-0.2962028730802808 0.2539547735260061
-0.23086063258866446 0.25258050285196665
-0.24594363125804486 0.29033424905986394
-0.21775689186143396 0.33868997388800137
-0.2736097746444529 0.32445391779384136
-0.22242584547335192 0.3090185828144748
-0.18462546033652683 0.3161384537038529
-0.24964284806727405 0.3471064671535451
-0.22253681591561994 0.3851895455763711
-0.3368353397789037 0.34463157278257306
-0.11077059303679403 0.24446746291143806
-0.3016844189631019 0.34562930566477157
-0.31820035117497664 0.30780242048727674
-0.12844380271557135 0.30014387498288436
-0.17197756771196523 0.23132460868539492
-0.38195145180690326 0.2986744231459591
-0.15374608896332084 0.3179360421112511
-0.1978147446945965 0.25193733902336607
-0.1637109574118499 0.27687767081343706
-0.35161987600824746 0.3140217372740469
-0.3790303649934461 0.34613637042455137
-0.35095899470270925 0.2750691337688736
-0.13265442823384807 0.2681641226574608
-0.4078930307349862 0.3525775938687226
-0.39259944716631295 0.25254583882770026
-0.2557295673134907 0.39864465929246756
-0.294191092798099 0.44219125234121986
-0.1936000432810564 0.3646686394611216
-0.16168537990877516 0.38595866633198134
-0.19235023005506816 0.4044938063821348
-0.0873456074654915 0.40672396341638883
-0.08749999999999997 0.454199421680278
-0.12717935740212072 0.4058779481131472
-0.10613643791474661 0.3532823216834916
-0.12812932865342314 0.44711018313193845
-0.10677891328216911 0.3835326056065977
-0.13590841920951957 0.36622477808980564
-0.16343604638907308 0.463034736608745
-0.3612450913010831 0.24433227517167966
-0.431947404247701 0.28592188830654425
-0.40080664567598184 0.21938773957118807
-0.4056121790361386 0.1580280332641819
-0.4535278537887261 0.1625
-0.3898997089350037 0.1876655048996956
-0.35947959559582776 0.18019696619288367
-0.052404063196534324 0.430575575221706
-0.05137176591186947 0.39154360037341407
-0.024931196168536222 0.416245627523019
-0.04209080244924557 0.46497227947747916
-0.03745183360851606 0.3314472914451505
-0.03438687327665569 0.36381749031576166
-0.07057909017783551 0.3607117881549298
-0.2056983311451195 0.4577974002305541
-0.24084995559711686 0.4652512779738395
-0.2083870205468411 0.4288010184431842
-0.40365733804737236 0.27939160999710877
-0.41204225135176287 0.3122644256424222
-0.42935772456590937 0.24909270639716408
-0.4635237906903273 0.26519592516249985
-0.4338729223638972 0.11415977341176592
-0.42761356643673704 0.18122674427366292
-0.27342909626505085 0.46738863735964636
-0.3892221573720314 0.09417642483868413
-0.3568179040741096 0.10887890469626972
-0.3855519088266372 0.12914791361666259
-0.4311405106502839 0.14343667968009954
-0.46530263102465164 0.1295465062019227
-0.46065970133346895 0.08398064800653758
-0.4595182648471986 0.04789401270175661
-0.41784776093927667 0.0900908943252796
-0.3892221573720314 0.05640345887521332
-0.3703391489689006 0.032109265550062174
-0.08978668989934971 -0.40883778220057976
-0.11249999999999999 -0.45244633895966724
-0.13227687634516005 -0.4079039894486624
-0.0620582416624818 -0.4509993513793189
-0.14287520227638267 -0.46705573471609163
-0.08768273393905114 -0.4376529560270317
-0.08673498738586466 -0.4706912510686106
-0.05033122692153807 -0.41308794696597445
-0.021282493900487948 -0.3870888858535201
0.04586435177139008 -0.39156922798915844
-0.06882917234491077 -0.3560883565572397
0.011613008258471884 -0.39948904776507665
0.03750000000000003 -0.4471881540044337
-0.06749453106411504 -0.3871565714611399
-0.03938816138327228 -0.36289589976351033
-0.1168345725048495 -0.3620595864813824
-0.14654182216529116 -0.333767374994008
-0.14620110125616095 -0.2953767536283399
-0.17953792787742448 -0.2679106162345783
-0.20773627453635746 -0.26593998791811246
-0.1717688607357802 -0.4710157771487338
-0.09842074615947226 -0.3141425045550768
-0.09482884122212729 -0.3430194421448582
-0.04611152796478707 -0.3086508001340257
0.41581635073516 -0.08468654665353899
0.4542415596265967 -0.11249999999999999
0.4524040932151931 -0.07458894347353168
0.4227553773324069 -0.11554962846894146
0.4699444415008843 -0.14000674796714574
0.29719979010635755 0.4115140716374269
0.26693754511886836 0.4115140716374269
0.2145981809465005 0.41905182039724315
0.2125 0.46046384133840085
0.19116404285634953 0.43862367031905225
0.23362809910977814 0.440775153673817
0.3236709248592147 0.34575064432296015
0.3355795891786089 0.3887534294124114
0.2992042409519331 0.37411160212463834
0.3608272532171658 0.35861133840950227
0.03534608753139238 0.416245627523019
0.037500000000000006 0.45902790478299166
0.01629516440269322 0.4386501224562044
0.057469100781134305 0.4365771833649009
0.007493671216237959 0.4692115178404834
0.40348843870971335 0.011250198430640602
0.4174939805816397 0.03795504974137008
0.3219395119261753 0.03140775500758859
0.41581635073516 -0.019910543861238212
0.4477323803816881 -7.668546281043576e-05
0.4698562120808393 -0.020947818534422583
0.35732352360121117 -0.00047850528893665645
0.38416102838513416 -0.009394255368023536
0.37290757745819525 0.034900034874185304
0.3132910847787386 -0.013765212054684936
0.33059400702674396 -0.08704851452953812
0.3454491468893999 -0.040732148722072314
0.3089738343362115 -0.05457379152557537
0.43649907488460604 0.0741927206682215
0.4683862842054638 0.06383980355701957
0.4672151056481816 0.09676326193751197
0.41151407163742687 0.18810034705370587
0.45293665647418646 0.16250000000000003
0.4532758895391581 0.21249999999999997
0.41450147192037184 0.1466220691215711
0.30416536240264264 0.1595220242840329
0.39382518656601423 0.10687710786238247
0.3605624140401297 0.16358392309995656
0.39088566447198 0.16576790207488262
0.4665853440243282 0.13134663250491868
0.4398209142300404 0.18759013665954088
0.47152152214116044 0.18737505877187782
0.4677512439228204 0.2423226184532375
0.4151169401668177 0.2298728227513565
0.3682185564522357 0.21287618869620015
0.34405521418136875 0.0823129820607004
0.3695030035861931 0.06531352522217496
0.3869293475926396 0.23444905532535695
0.3220394736842105 0.25191958125112757
0.33005845428399705 0.19356255411385034
0.33839923377229747 0.22443814820032762
0.27580269059317514 0.20796434332379982
0.29996365269340214 0.18958619190457277
0.36466552754698955 -0.3724600039563698
0.34573595186406264 -0.4652320889155069
0.3797388293848374 -0.46631165428316124
0.26453200491226214 -0.37014397617773886
0.24708006025622145 -0.4634067159153062
0.28088728630987875 -0.4665603006854013
0.16626665422992193 -0.37094949442695013
0.13177184699114447 -0.4119543219337951
0.14675956163969273 -0.4608886208488043
0.17954806898670556 -0.45543906685308133
0.4146436010282045 -0.16747986758276504
0.3535913886496161 -0.25317329585606657
0.3856981020884267 -0.23133230207280103
0.38902341469449075 -0.274879488137053
0.3518184123754912 -0.29583917460739806
0.3457504747231945 -0.33624405470794305
0.3063963091130829 -0.3562009488885779
0.3823655740655574 -0.3401680320269323
0.2922393528866055 -0.3835151653913082
0.3315028267110185 -0.37876635534912095
0.35336436561527257 -0.40337968047427225
0.40633403477953567 0.3571265198001051
0.41151407163742687 0.2896496229931635
0.4536895334704569 0.3125
0.4245636462123706 0.3290319601494792
0.467777834368371 0.2825528301893071
0.46785512934243 0.34235171470911785
-0.3121592016178026 -0.4669418847159353
-0.10193836314515392 -0.06769848465632058
-0.12851355417846216 -0.032692996822798116
-0.08702858113925398 -0.028789077365407416
-0.13834402163242032 -0.06774633002675481
-0.06475176184355476 -0.059636740967849926
-0.07161128627733768 -0.11779228792032603
-0.07817053154027537 -0.08753629767083465
-0.11343403944433861 -0.10562865468620433
-0.1216009603772514 -0.13502194732572637
-0.0837683620136487 0.004983468792685721
-0.030401020164496383 -0.0931707753370803
-0.08668148414124521 0.06079865904079708
-0.07311942222183666 0.03352287762643865
-0.02712835612629532 -0.14544700365771984
-0.0422408037215179 -0.12015253870923893
-0.06688580224683699 -0.15979430391067811
-0.037969082331888046 -0.17766562159362362
0.0074309266537438586 -0.15578966232113106
0.025127689636958262 -0.10281514144909351
-0.0016744902602293006 -0.12330472394859171
0.04244509778830191 -0.24798772988409842
0.009065593959582676 -0.22828309797880744
0.04719246458658842 -0.20182108999052503
0.02675931707466842 -0.18017153197242708
0.08350291920717029 -0.22888234276669966
0.20375352360909832 -0.1581160993113494
0.26034027766680184 -0.11038598872899848
0.2922797619482815 -0.08912215329219204
0.25799695258231053 -0.07224680758560162
0.16377170605586047 -0.008124632309963856
0.19895282618178017 -0.0950161411638819
0.21633589986339313 -0.03217483172875998
0.23208027159617575 -0.09298074419159769
0.2137523588683691 -0.06528507157413943
0.2174423438932046 -0.12534204284544453
0.16348129910057518 -0.058810132679119456
0.24418301156259392 -0.04491598765812753
0.14944734242504507 -0.20338745001945627
0.18390728436352138 -0.03358358298671751
0.10700845991390273 -0.03314298452540644
0.1207845889348374 -0.2272816281263168
0.1286638637717113 -0.12840023243181536
0.09990169397914693 -0.17586296917375144
0.14098930383736574 -0.03333768070774585
0.15805843480141507 -0.09960196479733265
0.1805150821633526 -0.12916429291469245
0.16429257123204768 -0.16598762555937435
0.12245687273980439 -0.0741127210372369
0.13273877998842715 -0.17510907460822667
0.07228615365651737 -0.06963311194528699
0.06767066962232793 -0.1769096933784371
0.0742982035259103 -0.03678255623437133
0.09443013421563651 -0.10481576833851543
0.07875570479245077 -0.14001099658994
0.05983037283119721 -0.10203283039313127
0.10682934598383423 -0.14761485952148848
-0.16880307576855702 0.09644559212409937
-0.15366262144086715 0.16427880100537423
-0.17258778577729256 0.132896632285685
-0.2032428415347467 0.1727808467416059
-0.22956348842540006 0.15454968293157842
-0.17395475808208902 0.19476004167642966
-0.12903318843345557 0.20267035644654938
-0.200813405353827 0.2145481354262951
-0.24615253158895195 0.18240138729049024
-0.14020226818064016 0.2324388437735559
-0.07567323906020501 0.14134214192018899
-0.12302240370092515 0.1244035346856498
-0.13560488768633827 0.0935456248595689
-0.06876879920080319 0.20122710085411188
-0.11073762463808652 0.16471120979347037
-0.08040811712097634 0.1722285533310734
-0.08832010841714551 0.10204663225860869
-0.047036792690684 0.08303012580951882
-0.09860605806298733 0.21426402691030352
-0.3362489260729614 0.3966982222900847
-0.30708817865828514 0.37920337618385047
-0.3072142552708357 0.4120435008291005
-0.3283234289176371 0.43904893235370734
-0.31385398707820167 0.4688261097215908
-0.3582562566304055 0.3719390238854708
-0.36508880647410397 0.4100089363213813
-0.34560586912027497 0.46855244814482083
-0.4626409783129968 0.3090710952298201
-0.4651215432489481 0.19567790813379912
-0.46405281185185177 0.23043071449044522
0.038801697932197524 0.3314472914451505
0.0037398924937010938 0.35109730730555
0.004410212541368051 0.31118771962689157
0.03958396274798392 0.3739487471521674
0.016779517119338144 0.3930246325530929
0.07635286756575102 0.3520140664977165
0.07159699153089995 0.3985169907177625
0.1259623141978879 0.21687211899930703
0.13639046919673553 0.29737677935592854
0.11384024138888377 0.33290218491010004
0.07724046476681187 0.28475025305043605
0.18417995888367114 0.35263153171210737
0.10447309886972836 0.3020365329182962
0.11278905147101662 0.258841512587576
0.0704114146117193 0.31829790152112514
0.038741676666135184 0.2922288891286511
0.14558905730250432 0.3549636729791234
0.04241987837652848 0.20833163478927857
0.16300242833870854 0.3226540538837825
0.19466900827037403 0.2626682267685241
0.21227574686942452 0.3103141658555403
0.17040681056312534 0.288211511245982
0.1543722901525088 0.24868685595056594
0.16698431186817428 0.3885439198051101
0.08278345519782036 0.22637132631632959
0.1989712591753281 0.18026863355935374
0.20350383518353682 0.3839572541987948
0.23344634352209132 0.39379250903034324
0.23127043078460285 0.3499206680148317
0.13398540425875813 0.4048396325499144
0.05106045234955298 0.2528118880034566
0.18657544845845866 0.2209335342411178
0.2610623490179431 0.3112748775060173
0.10221733660020585 0.40734086476399234
0.019512380770519373 0.264585804733459
0.15820133891110902 0.190062556922717
0.2308639557162921 0.2122121756112826
0.2867795849972465 0.33865894176828576
0.09136025512960409 0.142473652574094
0.3051860252687764 0.2956049101359544
0.11849235972706162 0.17510054100070238
0.07642511338090292 0.18248832651964111
0.16304921381642007 0.11045282859087231
0.1703427269632254 0.1508494418544471
0.13169840106829941 0.13652376491723098
0.10127957888743445 0.0700090135827122
0.10683618555803123 0.10768085273818233
0.04585681684859394 0.10139533397497924
0.13617347579665987 0.08410787424631815
0.07756124322249583 0.09275319472446313
0.053436876218423315 0.06672716115616181
0.04508211771307818 0.14799527079670163
0.13617910947074502 0.03386427268828382
0.12418493847814255 -0.0007673776012419725
0.08707756319493706 -0.0018247055377004235
0.22862074796583498 0.2771980478876788
0.2225476238840879 0.24445676131653007
0.2553928182410764 0.2318761026312474
0.2892533824600528 0.24011147459381482
0.26062836465864286 0.35219276542609074
0.2774093837109891 0.2873480838936202
0.34660586366820006 0.2864907237040976
0.37809335783773684 0.29490560388515874
0.3538437912737865 0.322525942146203
0.07940069796702721 0.03859304205008644
0.10682457681916262 0.024637961406966516
0.06581093011001242 0.12503346837368665
-0.006839917659655505 0.12382568671559191
-0.02994970113564207 0.16881090611006955
-0.012582876614935685 0.22050153852702778
0.2086691849108928 0.05143985946400434
0.17434671927324763 0.07204662220830643
0.17461663691804244 0.03360919611360387
0.2012874401613315 0.004402541862094021
0.24856697736652475 0.0024697626108811724
0.3092593506956994 0.21795449389067903
-0.009942145072846985 0.08668112013410512
0.01552664279959367 0.10325585516178581
0.025231198005462155 0.07539108428943475
-0.04067405677494063 0.13487301305470709
0.007971236150273385 0.15986304759848974
0.034141019516544274 0.17773942885173177
-0.0051154687479381235 0.1892299304373688
-0.036919855659344636 0.1999154488892158
0.2257946078747767 0.02465442044139673
0.2723477693716097 0.049660705018341716
0.2811124032077355 -0.004916673518351754
-0.05924778022486803 0.11084069055019426
-0.08154077553786859 0.3117056277567407
-0.0975037317337469 0.27867256937161744
-0.06538057325255878 0.24653780762606936
-0.10928868663670624 0.3233541198331106
-0.04693644796117821 0.2935266053663611
-0.13362544605326465 0.33794250612992854
-0.0689785067408555 0.27506433386063844
-0.025006965466319683 -0.4614917282656006
0.005632242796619266 -0.4516555468433621
0.08272326268576381 -0.4119543219337951
0.053562522711954594 -0.42116533822536106
-0.10116815014680294 -0.27437786567538225
-0.07425050191391683 -0.2924953120589918
-0.04424333663927512 -0.27281345438020266
0.008589871224310243 -0.2935350025239959
-0.01195481299506481 -0.2682027430895363
0.41581635073516 -0.052472380662126984
0.37361939956705414 -0.10081305886939548
0.3684919115796549 -0.06657261855689492
0.3319509553382297 -0.15693388701671937
0.3132908299727839 -0.12234034638655747
0.34413144567034476 -0.2047477197344067
0.3484889413394482 -0.12568361490307034
0.36203073620947285 -0.17472951107539883
0.26823125374327417 -0.19862476532290624
0.24894905561532607 -0.1577472779011834
0.2904465922101191 -0.15699227806760133
0.284186292066934 -0.12800920207999578
0.37095540173620317 -0.14587294671172443
0.30326250527158 -0.23786826152639245
0.3192790819117136 -0.27377337188225426
0.30692030797679726 -0.19252610989516417
0.33249039427919946 -0.23215858937459577
0.35524014475343246 0.12235306067084499
0.38305299028640477 0.13585817579358597
0.3334753124966763 0.14612150799448223
0.3996476380941531 -0.37926115886664186
0.21519422900565907 -0.3455264716309134
0.12819514928467132 -0.3229150766266002
-0.11467798930035686 0.04292439593695881
8.08388169795387e-05 -0.08234657026020649
0.039441270044404106 -0.07305573693199223
0.24964089974359882 0.1601225379186332
0.21191584439844982 0.13903278534858032
0.20143847951570926 0.1008806199551033
0.2514538761895309 0.19020518424979138
0.2413724128868041 0.0814718278528751
0.24695275220346416 0.12064515597034844
0.27666776588189285 0.1384519743490417
0.2417267073211399 0.05083047855680447
0.28556632045512625 0.09351830356834535
0.3190927935711896 0.11110211416619023
0.30561654669375193 0.06355440894394081
0.01868940598457342 0.2314594634128603
0.2913212282833401 0.024715221309775284
-0.031941589416695365 0.24779602495719272
-0.014485225811626389 -0.31656555109361034
0.04059562796176657 -0.33746915056222515
0.1980314166086518 -0.3722889872178137
0.2318263604138268 -0.3739422867743874
0.2599593773877541 -0.31755881035840455
0.27855682984656904 -0.34243303201356484
0.2835771676532096 -0.2874804169596266
0.21075724646195398 -0.25461327776445625
0.16328623003789952 -0.24912675989902613
0.2431163378685586 -0.2800218899828516
0.26901694302992796 -0.2529916477354878
0.20075096176823995 -0.30066650006363116
0.19120005566587328 -0.2157179494240968
0.23241955924415936 -0.2193566240235399
0.18859702989078939 -0.18498181258015894
0.239729232309971 -0.24813099795541466
0.22822595990492625 -0.3165756445277172
0.18457519997268731 -0.2730382099484955
0.16228053770159914 -0.3046406719447728
0.13252452907053375 -0.29006502192711825
0.1583066462707055 -0.3381537829171004
0.13072366995027238 -0.3552880785250752
0.08643396738341794 -0.34246211609421817
0.09146433094217618 -0.3004169334366538
0.07505505445929285 -0.2666288338234679
0.043443182082794976 -0.28408551313086067
0.22657026659154872 -0.1847652205147751
0.1883613171864408 -0.3294105988977563
0.06102910312936605 -0.3627857608538103
0.08300541304093342 -0.38245960088161435
0.06081233007259619 -0.3117797714281845
0.01882348859824312 -0.36507668280399386
0.24614175525556825 -0.3452517368702355
0.30215799708083607 0.45733366502463696
0.2742550268513116 0.46954933082056644
0.0760914687751657 -0.45950528565167065
0.12736426887415417 0.45550677299137876
0.163052753037706 0.4650443601117983
0.09660222670220943 0.46724888459673514
0.06601671320136837 0.47057489904039274
1726
140 141 299
426 451 452
371 142 372
420 441 447
452 441 426
142 371 141
409 408 145
431 446 428
148 742 147
440 442 448
500 505 498
742 409 147
423 427 447
408 409 407
446 447 428
144 145 408
151 421 150
425 444 422
747 86 85
427 443 421
443 423 742
422 421 424
639 156 157
448 437 439
158 636 639
447 441 428
451 426 316
638 633 635
445 453 451
638 639 636
474 440 433
653 154 637
441 444 426
367 313 366
370 369 337
141 371 299
291 370 290
408 372 144
371 314 339
337 467 487
299 371 298
298 371 373
314 371 372
375 392 295
392 367 293
296 373 339
296 339 375
144 372 143
297 373 296
373 371 339
407 374 314
369 370 338
375 313 392
370 291 338
487 289 290
296 375 295
312 432 436
374 300 368
259 376 258
455 456 454
322 376 377
283 461 282
479 484 486
256 378 345
462 284 285
264 377 263
467 337 468
378 376 345
338 291 292
298 373 297
924 636 158
436 438 312
753 94 93
442 440 474
557 556 599
93 747 753
161 162 645
747 93 92
794 134 133
96 95 753
369 338 312
91 90 747
92 91 747
821 822 825
89 747 90
716 173 174
405 351 406
747 88 87
369 312 435
98 753 99
104 957 105
524 525 758
957 101 100
389 359 334
753 98 97
292 367 338
263 377 262
753 95 94
490 508 302
751 507 522
756 758 759
659 198 354
753 97 96
292 293 367
269 619 826
926 927 1008
428 441 439
364 694 696
231 232 665
73 752 74
532 554 515
74 745 75
745 543 744
665 230 231
149 150 443
69 752 70
906 876 880
752 71 70
71 752 72
478 479 486
79 745 80
868 890 892
830 324 611
752 73 72
925 161 645
747 81 745
454 456 466
84 747 85
86 747 87
379 321 345
82 747 83
308 396 953
741 738 213
745 78 77
388 334 359
79 78 745
81 80 745
633 640 646
744 543 552
662 358 663
694 207 703
290 370 487
745 76 75
244 592 243
349 722 926
925 160 161
448 439 441
493 282 342
412 379 322
459 482 342
380 321 825
483 494 629
281 493 280
379 304 824
735 393 308
628 276 277
735 394 381
630 631 623
628 627 276
330 396 308
605 547 551
394 716 381
277 278 629
256 380 255
353 727 728
618 619 828
190 384 189
618 343 601
379 412 304
188 384 352
219 385 218
414 267 826
335 385 386
414 413 265
264 265 413
216 387 359
414 412 413
224 386 223
828 271 827
387 385 359
271 272 827
384 383 352
417 388 335
262 376 261
389 334 741
259 260 261
259 261 376
388 311 736
733 390 404
377 376 262
406 721 391
377 264 413
257 378 256
391 722 723
322 345 376
405 719 390
258 376 378
216 389 215
313 367 392
256 345 380
381 716 717
822 253 825
587 820 586
716 394 350
255 380 825
308 953 735
732 395 328
822 622 252
330 184 397
249 250 614
598 595 245
953 396 382
614 250 622
398 382 397
249 614 613
381 393 735
247 598 246
392 294 295
483 493 482
218 387 217
66 65 752
326 926 722
63 755 64
334 388 736
666 360 852
755 65 64
58 755 59
1010 666 665
243 592 609
375 339 313
558 552 553
56 755 57
637 155 634
485 535 516
834 347 835
755 63 62
55 54 755
421 422 420
865 885 860
664 666 852
534 541 544
53 52 755
384 188 189
755 54 53
558 538 542
524 517 522
669 671 311
635 316 425
48 816 49
50 49 816
629 279 483
558 799 538
228 1006 227
58 57 755
462 286 456
65 755 752
47 46 816
374 339 314
43 42 905
718 976 405
845 347 838
46 45 816
382 396 397
593 344 589
595 344 593
661 195 658
816 815 754
905 42 41
811 956 754
187 398 186
400 725 403
816 48 47
905 40 39
328 395 352
998 1003 997
461 284 455
36 905 37
595 593 591
673 1012 238
38 905 39
813 800 810
369 435 468
446 315 742
716 174 717
320 567 577
33 32 907
293 294 392
34 905 35
365 660 725
817 813 814
383 728 328
676 241 609
406 724 362
68 67 752
752 745 74
186 397 185
304 581 823
258 378 257
398 395 382
102 101 957
670 669 662
957 106 105
104 103 957
596 591 593
388 359 335
107 957 108
227 1006 419
111 110 957
958 111 957
578 579 560
957 109 108
722 721 326
107 106 957
723 165 166
431 428 429
114 113 958
112 958 113
472 471 473
164 349 1008
958 115 114
168 169 362
123 958 792
747 89 88
117 958 118
119 958 120
223 386 222
117 116 958
559 550 303
121 120 958
384 190 399
1008 645 162
719 171 720
366 368 432
790 782 792
536 477 479
790 795 784
122 958 123
686 688 683
152 653 424
792 794 123
212 213 738
768 788 789
125 794 126
835 672 832
790 792 795
559 563 555
794 125 124
440 448 450
443 150 421
127 794 128
421 151 424
129 128 794
794 132 131
400 403 353
949 948 946
609 241 242
681 363 678
794 883 135
740 212 738
883 137 136
883 138 137
380 345 321
136 135 883
201 363 681
794 135 134
705 693 702
794 127 126
274 603 273
644 1004 641
397 184 185
164 165 349
428 439 429
167 168 724
437 432 429
438 436 434
168 362 724
394 404 350
474 471 472
390 720 404
432 437 436
457 460 318
350 720 172
460 458 475
328 352 383
342 455 457
119 118 958
308 393 329
432 312 366
176 329 717
446 431 315
407 431 300
177 329 176
442 437 448
381 717 393
415 183 330
430 300 431
179 180 181
442 434 437
300 430 368
181 415 179
430 432 368
177 415 329
432 430 429
173 350 172
503 502 497
415 181 182
308 415 330
443 427 423
397 186 398
434 436 437
427 420 447
184 330 183
396 330 397
426 425 316
383 399 353
340 422 424
653 152 153
402 192 193
340 634 635
188 352 187
316 635 648
352 398 187
196 197 659
446 423 447
354 933 659
340 425 422
421 420 427
657 658 659
425 426 444
195 196 658
194 661 402
443 148 149
202 203 691
417 419 336
227 419 226
201 202 691
422 444 420
199 682 198
151 152 424
769 775 777
315 409 742
193 194 402
420 444 441
648 635 633
437 429 439
139 138 883
893 10 9
344 590 589
873 877 871
415 177 178
247 613 598
8 7 893
13 12 893
816 51 50
366 313 368
934 945 356
11 10 893
872 869 873
338 367 366
864 872 854
962 713 886
730 731 734
883 3 2
379 345 322
0 883 1
374 313 339
415 308 329
1 883 2
963 961 899
394 327 404
268 826 267
681 678 677
5 4 883
5 883 893
143 372 142
893 6 5
3 883 4
312 338 366
374 407 300
7 6 893
674 673 676
585 601 599
907 26 25
696 693 700
383 384 399
26 907 27
30 29 907
31 907 32
682 200 681
238 239 673
907 29 28
673 239 676
405 406 362
28 27 907
853 836 842
546 548 624
21 20 879
659 933 657
989 1005 977
318 482 459
15 879 16
17 16 879
719 169 170
864 836 869
907 24 23
684 688 331
23 22 879
205 701 692
22 21 879
907 23 879
827 273 603
25 24 907
878 879 874
313 374 368
431 429 430
190 191 399
139 883 0
587 586 411
206 694 701
418 335 386
695 703 208
418 417 335
669 417 336
680 681 677
695 208 209
662 669 336
683 688 684
179 415 178
412 414 323
210 211 740
415 182 183
695 705 702
737 332 705
678 690 355
738 737 357
265 266 414
389 741 215
584 412 323
413 412 322
389 216 359
413 322 377
737 738 739
216 217 387
569 586 568
359 385 335
580 573 570
407 409 315
221 385 219
411 586 569
418 386 224
615 344 613
218 385 387
267 414 266
740 704 210
353 399 400
833 608 324
660 934 356
1012 1011 237
858 347 845
400 399 191
365 400 402
361 862 1009
725 400 365
235 1009 234
234 1009 1010
940 938 401
235 1011 1009
192 402 400
358 667 663
726 729 728
720 390 719
417 311 388
718 405 390
228 1007 1006
418 419 417
406 351 975
358 662 1006
719 405 362
408 407 314
224 225 418
408 314 372
222 385 221
220 221 219
145 146 409
222 386 385
431 407 315
418 225 419
724 406 391
230 667 1007
404 327 733
147 409 146
203 692 691
690 691 692
400 191 192
225 226 419
462 455 284
312 438 435
395 398 352
651 501 505
450 500 440
452 450 448
500 450 449
649 316 648
451 453 452
450 452 449
441 452 448
453 445 651
449 452 453
286 287 456
488 458 464
457 455 454
461 455 342
467 287 288
467 463 466
464 460 469
459 457 318
460 464 458
490 476 508
318 486 482
342 457 459
469 457 454
476 465 475
282 461 342
284 461 283
286 462 285
456 455 462
468 463 467
458 491 476
470 464 469
472 473 435
536 479 480
318 460 478
467 466 456
470 466 463
287 467 456
487 288 289
369 468 337
489 468 435
457 469 460
470 469 454
466 470 454
463 468 489
473 464 470
435 438 472
438 434 472
474 472 434
473 471 488
470 463 489
442 474 434
474 433 495
476 475 458
478 475 465
458 488 491
491 495 497
520 529 508
484 479 477
475 478 460
479 478 465
480 479 465
484 485 632
490 480 465
529 536 302
623 631 317
280 483 279
482 494 483
493 342 482
494 482 481
341 628 629
485 484 477
486 484 481
536 531 477
317 631 632
482 486 481
486 318 478
337 487 370
288 487 467
473 488 464
491 488 471
435 473 489
470 489 473
480 490 302
465 476 490
471 495 491
497 502 491
507 511 522
83 747 84
280 493 483
282 493 281
494 481 632
629 494 341
474 495 471
498 497 433
496 497 498
507 504 496
433 497 495
497 496 503
433 500 498
506 505 501
499 503 504
513 499 504
440 500 433
651 650 301
504 507 492
496 498 506
508 502 499
476 491 502
504 503 496
502 503 499
496 506 507
492 512 513
449 652 500
453 651 652
505 506 498
507 506 501
301 511 501
507 501 511
502 508 476
529 520 510
755 62 61
521 536 529
520 499 513
521 529 530
523 928 929
753 747 749
746 492 750
530 519 509
492 513 504
512 519 520
755 56 55
317 485 516
532 534 554
554 544 545
535 485 477
515 554 546
301 537 511
957 99 753
994 995 326
111 958 112
519 510 520
746 519 512
499 520 508
520 513 512
510 519 530
521 514 531
511 537 524
522 517 751
654 928 650
525 524 523
511 524 522
525 523 518
518 528 525
957 100 99
765 766 764
791 783 780
527 528 764
957 103 102
930 932 518
527 760 759
508 529 302
530 529 510
530 509 539
514 521 530
514 532 531
535 515 516
542 541 534
535 532 515
544 541 533
816 755 52
514 534 532
803 540 544
477 531 535
535 531 532
302 536 480
531 536 521
928 537 301
524 537 523
542 530 539
539 558 542
539 509 552
60 755 61
549 540 550
317 516 546
542 534 514
799 541 538
541 542 538
530 542 514
744 509 746
752 67 66
803 533 802
545 544 540
548 549 547
546 516 515
545 548 546
626 625 602
545 549 548
601 604 319
549 545 540
547 605 625
803 807 540
547 549 551
562 563 559
319 604 605
549 550 551
559 561 550
743 745 744
552 543 956
956 752 755
52 51 816
544 554 534
546 554 545
565 410 572
551 557 319
556 557 550
573 555 565
550 557 551
599 556 582
552 558 539
799 558 553
562 559 303
561 559 555
578 560 562
566 563 560
573 561 555
550 561 556
918 583 571
562 560 563
567 564 566
563 566 565
588 589 590
566 568 565
587 821 820
555 563 565
567 566 560
566 564 568
577 579 574
567 320 588
568 564 569
410 565 568
588 569 564
569 590 615
581 584 617
572 573 565
801 533 799
533 541 799
819 572 410
572 570 573
581 580 570
561 573 556
921 305 831
324 607 611
578 562 806
533 801 802
585 576 616
580 582 573
579 567 560
574 920 922
806 562 303
579 808 583
579 577 567
575 579 578
823 570 819
582 580 576
304 412 584
576 580 581
582 576 585
573 582 556
574 579 583
808 579 575
584 323 617
304 584 581
617 600 616
601 585 618
614 622 411
568 586 410
822 252 253
824 818 821
567 588 564
588 320 589
922 920 594
593 597 596
344 598 613
588 590 569
674 608 833
592 606 609
595 244 245
606 592 591
597 589 320
595 591 592
610 612 917
607 324 608
244 595 592
598 245 246
597 593 589
596 594 612
922 320 577
596 597 594
613 247 248
344 595 598
557 599 319
582 585 599
323 414 826
828 270 271
604 601 621
599 601 319
603 621 827
630 623 625
627 274 275
603 626 621
621 601 343
602 625 605
319 605 551
602 605 604
606 591 607
609 606 346
612 591 596
844 839 843
346 606 608
607 608 606
609 346 676
609 242 243
610 611 612
917 594 920
612 611 607
831 610 921
612 607 591
612 594 917
249 613 248
615 613 411
250 251 622
411 613 614
569 615 411
344 615 590
617 616 576
618 616 600
617 576 581
826 617 323
616 618 585
618 600 619
619 600 826
270 619 269
621 626 602
626 627 620
604 621 602
827 621 343
252 622 251
411 622 587
546 624 317
630 625 620
547 624 548
317 624 623
623 624 625
547 625 624
627 626 603
625 626 620
274 627 603
276 627 275
630 628 341
628 620 627
277 629 628
279 629 278
628 630 620
631 630 341
494 631 341
632 481 484
317 632 485
494 632 631
634 155 156
638 640 633
634 638 635
637 634 340
340 635 425
633 646 648
924 158 159
636 924 640
340 424 653
155 637 154
639 638 634
640 638 636
156 639 634
158 639 157
348 641 640
647 646 641
644 641 348
641 325 647
644 348 925
974 931 973
654 655 656
445 451 649
644 925 645
1001 1004 642
162 163 1008
644 645 927
641 646 640
648 646 643
656 647 325
646 647 643
649 654 650
649 451 316
648 643 655
301 501 651
445 649 650
648 655 649
651 505 652
445 650 651
500 652 505
453 652 449
154 653 153
340 653 637
647 656 643
928 523 537
656 655 643
649 655 654
763 764 932
930 523 929
331 688 935
365 658 660
660 658 657
661 658 365
196 659 658
198 659 197
934 660 657
660 356 725
402 661 365
195 661 194
333 670 662
1006 662 336
230 665 667
333 662 663
845 852 858
667 856 663
232 233 1010
667 665 664
664 665 666
665 232 1010
667 664 856
667 358 1007
333 857 888
868 866 861
671 669 668
417 669 311
888 861 866
669 670 668
668 868 892
736 671 416
832 833 830
361 1012 675
239 240 676
673 674 675
608 674 346
675 674 672
835 675 672
361 1011 1012
241 676 240
674 676 346
683 684 685
677 684 680
690 678 363
685 678 355
698 355 690
893 879 15
933 680 331
680 354 681
682 681 354
201 681 200
198 682 354
200 682 199
677 678 685
686 683 679
680 684 331
685 684 677
708 698 707
679 683 685
969 971 679
689 688 686
131 130 794
945 934 939
689 686 309
935 687 934
770 771 769
687 688 689
691 690 363
698 690 364
691 363 201
692 203 204
205 692 204
690 692 364
711 697 952
206 207 694
694 702 696
701 694 364
704 209 210
705 695 357
706 699 700
364 696 698
714 697 711
355 708 685
696 700 951
708 679 685
705 709 693
950 952 968
706 700 693
699 950 951
692 701 364
206 701 205
696 702 693
703 702 694
208 703 207
702 703 695
357 695 704
209 704 695
737 705 357
705 332 709
712 332 710
699 706 711
950 707 698
960 964 959
698 708 355
679 708 707
712 709 332
693 709 706
890 868 710
713 904 887
706 712 711
310 886 887
712 706 709
710 887 904
347 834 838
14 13 893
904 711 712
714 713 962
732 382 395
729 730 732
173 716 350
717 174 175
176 717 175
393 717 329
307 731 730
721 406 975
169 719 362
171 719 170
172 720 171
404 720 350
975 976 954
995 996 1003
723 722 349
721 722 391
165 723 349
167 723 166
391 723 724
167 724 723
725 356 945
403 725 401
403 727 353
687 770 937
401 727 403
727 726 728
728 383 353
947 726 949
730 729 307
328 728 729
978 307 977
732 730 715
733 731 978
731 733 734
732 715 953
729 732 328
733 718 390
734 733 327
735 327 394
730 734 715
715 734 735
735 734 327
671 736 311
739 736 416
740 738 357
891 737 416
741 213 214
334 736 739
737 739 416
739 738 741
704 740 357
212 740 211
741 214 215
739 741 334
443 742 148
742 423 446
751 748 750
82 81 747
552 509 744
509 519 746
745 743 747
76 745 77
492 746 512
743 744 746
743 750 749
743 749 747
758 756 757
526 762 760
743 746 750
749 748 757
751 750 492
748 749 750
751 492 507
748 751 517
68 752 69
543 745 752
753 749 757
760 762 756
43 816 44
805 817 808
59 755 60
755 754 956
748 517 758
756 759 760
758 757 748
762 757 756
524 758 517
759 758 525
525 528 759
527 759 528
766 760 527
526 761 762
778 787 773
110 109 957
957 762 761
757 762 753
518 932 764
793 766 765
518 764 528
764 763 765
767 763 997
767 765 763
760 766 526
764 766 527
767 306 783
767 785 793
954 989 1000
689 770 687
689 771 770
943 948 936
771 689 309
944 942 943
771 309 779
769 771 775
877 900 871
884 885 310
775 771 776
778 773 776
902 913 899
776 774 781
771 779 776
777 775 773
774 902 781
773 775 776
788 773 787
999 942 768
778 781 786
794 124 123
903 779 309
776 779 774
989 984 1000
773 788 777
786 781 772
776 781 778
882 782 786
794 133 132
981 980 985
791 785 783
787 778 790
783 785 767
798 795 796
793 526 766
882 772 881
790 786 782
778 786 790
777 788 768
787 784 788
780 985 987
788 784 789
784 798 791
792 782 794
784 787 790
780 789 791
784 791 789
958 122 121
796 797 526
767 793 765
785 798 796
883 794 782
129 794 130
797 795 792
796 526 793
785 796 793
796 795 797
958 797 792
797 761 526
791 798 785
795 798 784
811 815 810
802 804 806
811 754 815
805 808 804
810 809 813
802 801 800
804 802 800
550 807 303
533 803 544
807 802 303
804 800 805
806 804 575
801 810 800
44 816 45
578 806 575
802 806 303
540 807 550
802 807 803
583 808 571
804 808 575
35 905 36
817 571 808
799 811 801
553 811 799
811 553 956
801 811 810
907 31 30
571 919 918
814 813 809
800 813 805
897 809 908
814 812 817
755 816 754
809 810 815
905 41 40
815 816 916
817 805 813
919 817 812
570 572 819
818 820 821
819 410 586
819 818 823
818 819 820
586 820 819
822 821 587
821 321 824
822 587 622
825 253 254
570 823 581
824 823 818
379 824 321
823 824 304
825 254 255
821 825 321
826 268 269
826 600 617
827 343 828
273 827 272
618 828 343
828 619 270
859 853 839
832 672 833
610 830 611
830 829 832
829 830 831
610 831 830
834 832 829
835 361 675
674 833 672
830 833 324
838 841 837
838 843 841
834 835 832
862 347 858
812 897 912
879 18 17
847 849 840
855 857 856
843 834 829
845 838 847
829 831 844
841 842 837
840 845 847
664 852 855
843 838 834
842 841 839
844 859 839
860 851 864
844 843 829
841 843 839
305 863 831
859 863 970
847 838 837
852 845 840
809 897 814
906 880 896
850 847 837
850 849 847
842 836 851
851 860 848
848 884 849
861 857 849
851 837 842
849 850 848
848 850 851
851 850 837
852 840 855
852 360 858
839 853 842
876 895 880
864 854 860
959 697 714
857 840 849
840 857 855
663 856 333
664 855 856
884 861 849
333 856 857
1009 858 360
835 862 361
863 859 844
846 853 859
864 851 836
865 860 854
710 889 887
670 866 668
347 862 835
1009 862 858
831 863 844
972 970 305
870 853 846
893 15 14
962 854 959
865 962 886
888 670 333
861 889 868
816 43 905
879 19 18
890 710 332
668 866 868
870 836 853
869 867 873
867 869 870
870 869 836
875 873 867
902 901 772
869 872 864
854 960 959
878 874 875
872 873 871
12 11 893
875 877 873
875 895 878
875 874 877
867 870 880
34 33 907
874 881 877
901 900 881
895 875 867
876 879 878
906 907 876
19 879 20
846 910 870
812 814 897
893 874 879
901 899 900
772 882 786
893 894 874
782 882 883
881 894 882
885 884 848
884 310 889
860 885 848
885 865 886
887 886 713
885 886 310
713 714 904
710 868 889
861 888 857
670 888 866
884 889 861
887 889 310
332 891 890
416 892 891
737 891 332
892 416 671
668 892 671
890 891 892
8 893 9
883 882 894
874 894 881
883 894 893
878 895 876
867 880 895
909 897 896
896 908 916
909 896 880
970 898 911
970 972 898
912 911 898
774 903 902
966 913 903
881 900 877
871 961 960
881 772 901
772 781 902
774 779 903
899 901 902
915 309 686
914 966 903
711 904 714
710 904 712
37 905 38
916 905 896
896 905 906
34 907 905
876 907 879
905 907 906
809 815 916
896 897 908
880 910 909
846 911 910
870 910 880
846 970 911
897 909 911
910 911 909
911 912 897
912 898 972
902 903 913
309 915 903
967 914 969
697 959 965
971 686 679
903 915 971
916 816 905
809 916 908
918 574 583
919 923 918
817 919 571
918 917 920
919 812 912
921 923 972
594 597 922
918 920 574
610 917 921
917 918 923
320 922 597
574 922 577
972 923 919
917 923 921
160 924 159
640 924 348
348 924 925
160 925 924
1002 926 326
927 926 642
644 927 642
927 645 1008
650 928 301
929 928 654
654 656 929
929 656 930
932 930 973
523 930 518
656 325 973
325 1004 974
973 930 656
932 931 763
680 933 354
935 933 331
657 933 935
937 939 687
687 935 688
657 935 934
777 768 942
727 938 726
944 770 769
939 937 936
401 938 727
943 936 937
936 940 945
687 939 934
401 725 945
936 938 940
985 780 981
938 949 726
948 943 941
769 777 942
944 943 937
941 943 942
770 944 937
942 944 769
936 945 939
945 940 401
989 982 984
729 947 307
726 947 729
307 979 977
946 948 941
936 948 938
948 949 938
947 949 946
951 950 698
952 950 699
696 951 698
699 951 700
711 952 699
697 965 968
732 953 382
735 953 715
733 978 718
983 982 979
993 994 721
1000 991 993
552 956 553
956 543 752
762 957 753
761 958 957
115 958 116
797 958 761
854 872 960
963 964 961
872 871 960
871 900 961
900 899 961
913 966 899
854 962 865
714 962 959
964 967 965
964 960 961
914 967 963
959 964 965
964 963 967
967 968 965
914 963 966
899 966 963
914 971 969
707 950 968
968 952 697
968 967 969
679 707 969
968 969 707
859 970 846
305 970 863
903 971 914
686 971 915
921 972 305
912 972 919
974 973 325
932 973 931
1002 995 1001
996 995 955
976 975 351
975 954 1000
405 976 351
1005 976 718
979 307 947
985 999 987
307 978 731
1005 978 977
947 946 979
988 982 983
783 981 780
977 979 982
783 306 981
992 306 996
983 979 946
982 980 984
946 941 983
983 941 986
980 990 984
992 990 981
986 985 980
789 987 768
988 986 980
941 942 999
780 987 789
999 985 986
982 988 980
983 986 988
1005 989 954
982 989 977
980 981 990
306 992 981
993 991 955
984 990 991
955 991 992
992 991 990
994 993 955
721 975 1000
995 994 955
721 994 326
955 992 996
995 974 1001
306 997 996
998 997 763
767 997 306
998 763 931
931 974 998
1003 998 974
987 999 768
941 999 986
991 1000 984
1000 993 721
1004 1001 974
642 926 1002
995 1002 326
642 1002 1001
995 1003 974
997 1003 996
641 1004 325
642 1004 644
976 1005 954
978 1005 718
419 1006 336
1007 228 229
230 1007 229
358 1006 1007
164 1008 163
1008 349 926
1009 360 1010
1011 235 236
666 1010 360
234 1010 233
237 1011 236
361 1009 1011
238 1012 237
675 1012 673
0
82
140 -0.2500000000000002 0.0
180 -0.2500000000000002 0.0
181 -0.2500000000000002 0.0
182 -0.2500000000000002 0.0
183 -0.2500000000000002 0.0
184 -0.2500000000000002 0.0
185 -0.2500000000000002 0.0
186 -0.2500000000000002 0.0
187 -0.2500000000000002 0.0
188 -0.2500000000000002 0.0
189 -0.2500000000000002 0.0
190 -0.2500000000000002 0.0
191 -0.2500000000000002 0.0
192 -0.2500000000000002 0.0
193 -0.2500000000000002 0.0
194 -0.24999999999999994 0.0
195 -0.24999999999999994 0.0
196 -0.24999999999999994 0.0
197 -0.24999999999999994 0.0
198 -0.24999999999999994 0.0
199 -0.24999999999999994 0.0
200 -0.24999999999999994 0.0
201 -0.24999999999999994 0.0
202 -0.24999999999999994 0.0
203 -0.24999999999999994 0.0
204 -0.24999999999999994 0.0
205 -0.24999999999999994 0.0
206 -0.24999999999999994 0.0
207 -0.24999999999999994 0.0
208 -0.24999999999999994 0.0
209 -0.24999999999999994 0.0
210 -0.24999999999999967 0.0
211 -0.24999999999999967 0.0
212 -0.24999999999999967 0.0
213 -0.24999999999999967 0.0
214 -0.24999999999999967 0.0
215 -0.24999999999999967 0.0
216 -0.24999999999999967 0.0
217 -0.24999999999999967 0.0
218 -0.1250000000000001 0.0
219 -0.1250000000000001 0.0
220 0.1250000000000001 0.0
260 0.1250000000000001 0.0
261 0.24999999999999967 0.0
262 0.24999999999999967 0.0
263 0.24999999999999967 0.0
264 0.24999999999999967 0.0
265 0.24999999999999967 0.0
266 0.24999999999999967 0.0
267 0.24999999999999967 0.0
268 0.24999999999999967 0.0
269 0.24999999999999994 0.0
270 0.24999999999999994 0.0
271 0.24999999999999994 0.0
272 0.24999999999999994 0.0
273 0.24999999999999994 0.0
274 0.24999999999999994 0.0
275 0.24999999999999994 0.0
276 0.24999999999999994 0.0
277 0.24999999999999994 0.0
278 0.24999999999999994 0.0
279 0.24999999999999994 0.0
280 0.24999999999999994 0.0
281 0.24999999999999994 0.0
282 0.24999999999999994 0.0
283 0.24999999999999994 0.0
284 0.24999999999999994 0.0
285 0.2500000000000002 0.0
286 0.2500000000000002 0.0
287 0.2500000000000002 0.0
288 0.2500000000000002 0.0
289 0.2500000000000002 0.0
290 0.2500000000000002 0.0
291 0.2500000000000002 0.0
292 0.2500000000000002 0.0
293 0.2500000000000002 0.0
294 0.2500000000000002 0.0
295 0.2500000000000002 0.0
296 0.2500000000000002 0.0
297 0.2500000000000002 0.0
298 0.2500000000000002 0.0
299 0.2500000000000002 0.0
0
