0.3 2000
1002
0.05 0.0
0.04997532801828658 0.0015705379539064147
0.04990133642141358 0.003139525976465669
0.049778098230154 0.004705415665925717
0.0496057350657239 0.006266661678215213
0.04938441702975689 0.007821723252011544
0.04911436253643444 0.009369065729286231
0.048795838096937376 0.010907162069827128
0.048429158056431554 0.01243449435824274
0.048014684283847156 0.013949555301961465
0.04755282581475768 0.01545084971874737
0.047044038447711274 0.01693689601226457
0.04648882429441257 0.0184062276342339
0.04588773128419906 0.01985739453173903
0.04524135262330098 0.021288964578253636
0.0445503262094184 0.022699524986977342
0.04381533400219318 0.024087683705085766
0.043037101350197185 0.025452070787518568
0.04221639627510076 0.026791339748949834
0.04135402871372809 0.02810416889260653
0.04045084971874738 0.029389262614623657
0.039507750618784525 0.030645352682648827
0.03852566213878946 0.03187119948743449
0.037505553481522985 0.033065593266182594
0.03644843137107058 0.03422735529643444
0.035355339059327376 0.03535533905932738
0.034227355296434434 0.03644843137107058
0.033065593266182594 0.037505553481522985
0.031871199487434484 0.03852566213878947
0.030645352682648827 0.039507750618784525
0.029389262614623653 0.04045084971874738
0.02810416889260653 0.04135402871372809
0.02679133974894983 0.04221639627510076
0.02545207078751856 0.043037101350197185
0.02408768370508576 0.04381533400219319
0.022699524986977342 0.044550326209418394
0.021288964578253633 0.04524135262330098
0.019857394531739028 0.04588773128419906
0.018406227634233895 0.046488824294412576
0.016936896012264564 0.04704403844771128
0.015450849718747373 0.04755282581475768
0.013949555301961465 0.048014684283847156
0.012434494358242738 0.048429158056431554
0.010907162069827125 0.048795838096937376
0.009369065729286226 0.04911436253643444
0.007821723252011536 0.04938441702975689
0.006266661678215213 0.0496057350657239
0.004705415665925715 0.049778098230154
0.0031395259764656655 0.04990133642141358
0.0015705379539064088 0.04997532801828658
-8.040613248383184e-18 0.05
-0.001570537953906414 0.04997532801828658
-0.0031395259764656703 0.04990133642141358
-0.004705415665925719 0.049778098230154
-0.006266661678215219 0.04960573506572389
-0.007821723252011551 0.049384417029756884
-0.009369065729286242 0.04911436253643443
-0.010907162069827128 0.048795838096937376
-0.012434494358242744 0.048429158056431554
-0.013949555301961467 0.048014684283847156
-0.015450849718747378 0.04755282581475768
-0.016936896012264578 0.047044038447711274
-0.0184062276342339 0.046488824294412576
-0.019857394531739035 0.04588773128419906
-0.021288964578253636 0.04524135262330098
-0.02269952498697734 0.0445503262094184
-0.024087683705085773 0.043815334002193174
-0.025452070787518568 0.043037101350197185
-0.026791339748949844 0.04221639627510075
-0.028104168892606536 0.04135402871372809
-0.029389262614623653 0.04045084971874738
-0.03064535268264883 0.03950775061878452
-0.03187119948743449 0.03852566213878947
-0.0330655932661826 0.03750555348152297
-0.03422735529643444 0.03644843137107057
-0.035355339059327376 0.03535533905932738
-0.03644843137107059 0.03422735529643443
-0.03750555348152298 0.033065593266182594
-0.03852566213878947 0.03187119948743448
-0.039507750618784525 0.03064535268264882
-0.04045084971874737 0.029389262614623664
-0.0413540287137281 0.028104168892606526
-0.04221639627510076 0.026791339748949834
-0.04303710135019719 0.025452070787518558
-0.04381533400219318 0.024087683705085763
-0.0445503262094184 0.022699524986977325
-0.04524135262330098 0.021288964578253626
-0.04588773128419906 0.01985739453173903
-0.046488824294412576 0.01840622763423389
-0.047044038447711274 0.016936896012264568
-0.047552825814757685 0.015450849718747356
-0.048014684283847156 0.013949555301961456
-0.048429158056431554 0.012434494358242742
-0.048795838096937376 0.010907162069827116
-0.04911436253643444 0.00936906572928623
-0.04938441702975689 0.007821723252011527
-0.0496057350657239 0.006266661678215205
-0.049778098230154 0.004705415665925718
-0.04990133642141358 0.0031395259764656572
-0.04997532801828658 0.0015705379539064119
-0.05 -1.6081226496766367e-17
-0.04997532801828658 -0.001570537953906422
-0.04990133642141358 -0.0031395259764656677
-0.049778098230154 -0.004705415665925728
-0.0496057350657239 -0.006266661678215215
-0.049384417029756884 -0.007821723252011558
-0.04911436253643443 -0.009369065729286238
-0.048795838096937376 -0.010907162069827126
-0.048429158056431554 -0.012434494358242752
-0.048014684283847156 -0.013949555301961465
-0.04755282581475768 -0.015450849718747387
-0.047044038447711274 -0.016936896012264575
-0.04648882429441256 -0.018406227634233916
-0.045887731284199054 -0.019857394531739042
-0.04524135262330098 -0.021288964578253633
-0.04455032620941839 -0.022699524986977356
-0.04381533400219318 -0.02408768370508577
-0.04303710135019717 -0.025452070787518585
-0.04221639627510075 -0.02679133974894984
-0.04135402871372809 -0.02810416889260653
-0.040450849718747364 -0.02938926261462367
-0.03950775061878452 -0.03064535268264883
-0.038525662138789454 -0.0318711994874345
-0.03750555348152297 -0.0330655932661826
-0.03644843137107058 -0.03422735529643444
-0.03535533905932737 -0.03535533905932738
-0.034227355296434434 -0.03644843137107058
-0.03306559326618258 -0.03750555348152299
-0.03187119948743448 -0.03852566213878947
-0.030645352682648827 -0.039507750618784525
-0.029389262614623664 -0.04045084971874737
-0.02810416889260651 -0.04135402871372811
-0.026791339748949816 -0.042216396275100765
-0.025452070787518558 -0.04303710135019719
-0.024087683705085766 -0.04381533400219318
-0.022699524986977346 -0.044550326209418394
-0.02128896457825361 -0.04524135262330099
-0.019857394531739014 -0.04588773128419907
-0.018406227634233892 -0.046488824294412576
-0.016936896012264568 -0.047044038447711274
-0.015450849718747378 -0.04755282581475768
-0.013949555301961437 -0.04801468428384716
-0.012434494358242723 -0.04842915805643156
-0.01090716206982712 -0.048795838096937376
-0.009369065729286231 -0.04911436253643444
-0.007821723252011551 -0.049384417029756884
-0.006266661678215187 -0.0496057350657239
-0.004705415665925698 -0.049778098230154
-0.0031395259764656607 -0.04990133642141358
-0.0015705379539064151 -0.04997532801828658
-9.184850993605149e-18 -0.05
0.0015705379539064411 -0.04997532801828658
0.0031395259764656863 -0.04990133642141358
0.004705415665925725 -0.049778098230154
0.006266661678215212 -0.0496057350657239
0.007821723252011534 -0.04938441702975689
0.009369065729286257 -0.04911436253643443
0.010907162069827146 -0.04879583809693737
0.012434494358242747 -0.048429158056431554
0.013949555301961462 -0.048014684283847156
0.015450849718747363 -0.047552825814757685
0.016936896012264595 -0.04704403844771127
0.018406227634233913 -0.04648882429441256
0.01985739453173904 -0.045887731284199054
0.021288964578253633 -0.04524135262330098
0.022699524986977374 -0.04455032620941838
0.024087683705085787 -0.043815334002193174
0.02545207078751858 -0.04303710135019717
0.02679133974894984 -0.04221639627510075
0.02810416889260653 -0.04135402871372809
0.029389262614623685 -0.04045084971874735
0.030645352682648848 -0.039507750618784504
0.0318711994874345 -0.038525662138789454
0.0330655932661826 -0.03750555348152298
0.034227355296434434 -0.03644843137107058
0.035355339059327404 -0.035355339059327355
0.036448431371070594 -0.03422735529643441
0.03750555348152299 -0.03306559326618258
0.03852566213878947 -0.031871199487434484
0.03950775061878452 -0.030645352682648827
0.04045084971874739 -0.02938926261462363
0.041354028713728105 -0.02810416889260651
0.042216396275100765 -0.026791339748949816
0.04303710135019719 -0.02545207078751856
0.04381533400219318 -0.024087683705085766
0.04455032620941841 -0.02269952498697731
0.045241352623300986 -0.021288964578253612
0.04588773128419907 -0.019857394531739018
0.046488824294412576 -0.018406227634233895
0.047044038447711274 -0.01693689601226457
0.04755282581475769 -0.01545084971874734
0.04801468428384716 -0.013949555301961439
0.04842915805643156 -0.012434494358242724
0.048795838096937376 -0.010907162069827121
0.04911436253643444 -0.009369065729286235
0.0493844170297569 -0.007821723252011512
0.0496057350657239 -0.0062666616782151895
0.049778098230154 -0.004705415665925702
0.04990133642141358 -0.0031395259764656633
0.04997532801828658 -0.0015705379539064182
-0.5 -0.5
-0.4 -0.5
-0.3 -0.5
-0.2 -0.5
-0.09999999999999998 -0.5
0.0 -0.5
0.09999999999999998 -0.5
0.19999999999999996 -0.5
0.30000000000000004 -0.5
0.4 -0.5
0.5 -0.5
0.5 -0.4
0.5 -0.3
0.5 -0.2
0.5 -0.09999999999999998
0.5 0.0
0.5 0.09999999999999998
0.5 0.19999999999999996
0.5 0.30000000000000004
0.5 0.4
0.5 0.5
0.4 0.5
0.3 0.5
0.2 0.5
0.09999999999999998 0.5
0.0 0.5
-0.09999999999999998 0.5
-0.19999999999999996 0.5
-0.30000000000000004 0.5
-0.4 0.5
-0.5 0.5
-0.5 0.4
-0.5 0.3
-0.5 0.2
-0.5 0.09999999999999998
-0.5 0.0
-0.5 -0.09999999999999998
-0.5 -0.19999999999999996
-0.5 -0.30000000000000004
-0.5 -0.4
-0.45 -0.45
-0.5 -0.45
-0.45 -0.5
-0.47500000000000003 -0.425
-0.36250000000000004 -0.3375
-0.43515625 -0.36015625
-0.46282066231343283 -0.3878206623134328
-0.4130143350629664 -0.4099625772504664
-0.5 -0.35000000000000003
-0.4447748797706894 -0.4143167068734187
-0.475 -0.475
-0.42500000000000004 -0.475
-0.4676215480216107 -0.35535536429182213
-0.3919807333391453 -0.37078700170549966
-0.33423496216328386 -0.42702537425977105
-0.378370983603938 -0.45337098360393796
-0.3711765834681561 -0.4071911959803217
-0.33106376638853413 -0.3767995415741097
-0.3619128343456308 -0.37775053803447894
-0.35 -0.49486180582655814
-0.4110749892062515 -0.44394309980420876
-0.2369155315056356 -0.4079569714620261
-0.3765285564206414 -0.4825564512183411
-0.32173714722401936 -0.4656799349093299
-0.25 -0.5
-0.3486426173431128 -0.4530313463853648
-0.29889281735099427 -0.4369462122351202
-0.2686755444656669 -0.4208024482345093
-0.2739562800416159 -0.36206048076515784
-0.2998590663735065 -0.39878598152733713
-0.2922566441076798 -0.47105181231306326
-0.31271305931634846 -0.32989765884385336
-0.33541414019238913 -0.3480565597640141
-0.3049500796260868 -0.35997584784242004
-0.16496001415983008 -0.19128529944445088
-0.3586152046039167 -0.1961152046039168
-0.23015459595034998 -0.2698459438601073
-0.3477669878097431 -0.26715904688376957
-0.2637912573532521 -0.3103787262360115
-0.3419757229938341 -0.3050854371826128
-0.30096656022602003 -0.2794180897648728
-0.2829397730673306 -0.33345303230234896
-0.26555218694487587 -0.2746940920614625
-0.2607475569673643 -0.17812636180021368
-0.2901946221674582 -0.2250646426735694
-0.3177050665060081 -0.24785666772513504
-0.3247356935726566 -0.21137170644904887
-0.29581579302860933 -0.18883210745226178
-0.35431361508720444 -0.23180853156564385
-0.32841197673402356 -0.019270097566787547
-0.42863163249306385 -0.22265911753769937
-0.3030610381637641 -0.10231080552400533
-0.39034131717188325 -0.21804455137092507
-0.29009318902870934 -0.14478889247423235
-0.4032343090729231 -0.272230470434695
-0.4439155736038442 -0.307218520633095
-0.3805077691602341 -0.3033927574198597
-0.3814436591768127 -0.2487884972839026
-0.4123653816072529 -0.3027580616260731
-0.2006139279534446 -0.09560852531637831
-0.34777800890121763 -0.13918062556098984
-0.4176790269829511 -0.15237244185492438
-0.4132578487814211 -0.18905808061477614
-0.5 -0.14999999999999997
-0.406846990844482 -0.3381730604362028
-0.25113630050883384 -0.10967752915142584
-0.32099500581407664 -0.16316715189816303
-0.3177723944537837 -0.13002041357180882
-0.46483835207579766 -0.2129753655411801
-0.4984761089442422 -0.25
-0.4300729053011193 -0.10573882831120841
-0.2788202732509449 -0.11812898277736993
-0.2555406340871789 -0.14395829334409124
-0.21059835035017388 -0.16828789454752924
-0.24674583542684575 -0.027695407337572628
-0.46839652630431583 -0.27593998257841645
-0.4357296412315192 -0.27559199718538124
-0.45405011585126465 -0.2451678622278467
-0.4456029650512926 -0.15142382996455472
-0.3968968883881565 -0.07070093405797145
-0.4715708403249384 -0.17709002459348003
-0.4439341837745446 -0.19047929632167515
-0.22692332515116193 -0.21780624270890506
-0.1663880206771052 -0.1373358497064689
-0.2181961104299004 -0.130218646335944
-0.2716332978725451 -0.0674712100781484
-0.4721284790240332 -0.12499999999999997
-0.38769864520871106 -0.11944073974357884
-0.4645297144322802 -0.08849200130130573
-0.23268099008539705 -0.18845793864856206
-0.25969994263404994 -0.21148964372196186
-0.2517112907462076 -0.24410249176355556
-0.17778030999199373 -0.24697782055673187
-0.19792290977495602 -0.19991681816024293
-0.18017413391602727 -0.1646943831399648
-0.23355624675960532 -0.07505976378466211
-0.28819308832937124 -0.029435992830823116
-0.31766111632919813 -0.06137800243093932
-0.3592177833692368 -0.04956173180160728
-0.3467828994624748 -0.09483548719432464
-0.406170993758462 0.028998636227286732
-0.40016617577160235 -0.02072391868261835
-0.3644215339163729 -0.013459481979542089
-0.4315214739483903 -0.07114174907079245
-0.4256948349336788 -0.039806402893366066
-0.5 -0.04999999999999999
-0.20982877064557892 -0.2449878541891701
-0.37631184293388314 -0.0920539513575146
-0.23637225319078947 -0.45498573383395907
-0.26747548912350355 -0.4520233816469155
-0.225 -0.4829985865430224
-0.20946150562912413 -0.3479051007821411
-0.4743428017652127 -0.3221396771375702
-0.37954750059330683 -0.16263216194449065
-0.04999213876657502 -0.16124855119157297
-0.12010503219473997 -0.06447307977019288
-0.18586268469008768 -0.29987677631380155
-0.24478727613440343 -0.34095705379841135
-0.24261876682450464 -0.37466465811282196
-0.11097806411037184 -0.16286280859875618
-0.1552361283544132 -0.09328857794200186
-0.1266423677868472 -0.12396330332136492
-0.08137754849180273 -0.12833942799788867
-0.17849544182463745 -0.0291082332803015
-0.2004854213702728 -0.05872273596753154
-0.16642848285443623 -0.061039924851648435
-0.2125867660100713 -0.02676551163005672
-0.18196456063219285 0.1696292098848446
-0.1888033637743539 0.07011083349752802
-0.1922740547942367 0.019605280396955152
-0.2852163494952358 0.06698181465536149
-0.33745081795610027 0.039198933129892886
-0.3424045022517563 0.008499952061642113
-0.37103463091993716 0.02886896140240499
-0.26943506545633233 0.018239739193945077
-0.30660076864786684 0.018471710401272524
-0.08056634155142677 -0.1589864646377668
-0.08405827921202168 -0.2528258194748662
-0.06870445831555831 -0.20641251564756868
-0.025710703585436655 -0.10667067782179453
-0.10115872367189747 -0.09665937846185123
-0.06248780105741118 -0.09452882372643107
-0.035673885406727585 -0.07507971587456141
-0.12088796256297984 0.013491433615510917
-0.2306756569867011 0.008813443182674276
-0.11942996092261049 -0.21537841503235544
0.11851877387676212 -0.2940933944754026
-0.04908437050530645 -0.12896212900217421
-0.15773543426494416 0.0030691295531647574
-0.1398796940927522 -0.031236528218393567
-0.15032637520856967 0.047222053870745836
-0.09330139347706765 -0.026024876219204615
-0.06958317261398136 -0.056538308457890374
-0.09740979826235313 -0.19198442455512685
-0.13314673945360012 -0.18623289734548937
-0.15281587402543859 -0.22340271628893174
-0.1321889998588313 -0.2702505507230679
-0.09165053934392291 -0.22456802724168207
0.03726742238101417 -0.22386032852559723
-0.1782801696506968 0.04401566238246005
-0.09028298748208703 0.06991344163036192
-0.08535645182730828 0.008908862683065184
-0.0996065409576524 0.0384592859786734
-0.16394079287063856 -0.27615927208819385
-0.06592613337718983 -0.3780964465702149
-0.013679480238376826 -0.2027520238555359
-0.13946452726948128 0.109266368292881
-0.0879242916780691 -0.31733297212447925
-0.042096975840149736 -0.19097809601533697
-0.0386971064433384 -0.24208536510743178
-0.15669032245203451 0.08030909162356906
-0.12438588764403788 0.06936697496314834
-0.09990287069081383 -0.28424565318705497
0.0008842101984279441 -0.23963792255674174
-0.014531173580502404 -0.3116208643052566
-0.01688994225653388 -0.2734736277850946
-0.057478317176684064 -0.2859347520146293
0.04684383672179175 -0.28867930277888715
-0.05055602196495552 -0.32310752213111066
0.0304526045244353 -0.2579840571462599
0.012658746873676331 -0.2907930789387523
-0.07328526325026445 -0.3463969410475413
-0.14120463317002696 -0.3623880765613768
-0.10354088144154927 -0.37012484256187955
-0.14010373261185288 -0.3159859477744403
-0.13670228858924968 -0.43601479380757513
-0.1855533151129898 -0.4506697934977175
-0.09368995240873629 -0.4163724555956975
-0.12901537094056856 -0.3985937114253027
-0.1830695217989396 -0.3966373077974685
-0.15657869811182415 -0.4124317940178958
-0.21081458637824713 -0.3801505701961628
-0.17288718931350247 -0.3360641420339495
-0.1720957693856921 -0.3673395860311476
-0.11456897186907597 -0.33815683536383034
-0.15 -0.48786233046656746
-0.2127999301039058 -0.4311959061558035
-0.10071964821568222 -0.45789386760760176
-0.12991709575075533 -0.4653840893911304
-0.0721987684784643 -0.47513923121031504
-0.04999999999999999 -0.5
-0.06523033098757208 -0.44254653224704776
-0.17849930183155335 -0.47951611701535896
-0.22383739942160383 -0.3082068998604404
-0.3718906301658792 0.16694339988147716
-0.3883486481140289 0.09780149494872326
-0.3884840002536985 0.061126821242865795
-0.44455296664027955 0.07967133688983868
-0.41348965044849817 0.07955669411631296
0.0391224596008483 -0.1473462677274373
-0.024999999999999994 -0.46262731688646885
0.049999999999999996 -0.43950504664906864
-0.023793399197259035 -0.40987038082847194
-0.018697289140600315 -0.36078945901081994
0.03297778658074285 -0.34191674627707624
0.015956565113791163 -0.46227798670182807
0.04999999999999999 -0.49891435081325614
0.013983461885974262 -0.42249602012614057
0.04523200675437079 -0.46920969873116236
-0.011708222270417774 -0.4365390462812357
0.05187424834866632 -0.38889939109241645
-0.03709291994432389 -0.3836844538751675
0.002189835030122333 -0.33779845335271497
0.01613527093465876 -0.3759822304546467
0.13829570306366534 -0.4174376610446291
0.09126744992973801 -0.3457640008615408
0.09095201624830315 -0.4156842240847199
0.061197408927148485 -0.35785819824865334
0.08785536415066182 -0.3807094309185292
0.06392605681305966 -0.3212135231064065
0.0946319989744225 -0.3145169378297969
0.06294463493227104 -0.41464693314155093
0.08850536081587473 -0.4585901369866772
0.07532369189420327 -0.48454941799494944
0.14999999999999997 -0.5
0.11381093057219441 -0.4385104399381291
0.15160404407425102 -0.4576618172080706
0.120439768711398 -0.4722951071427858
0.17499999999999996 -0.4797476844456192
0.25 -0.4127221705631205
0.19889005242710467 -0.43100571091445156
0.16726143365156185 -0.4301678602163
-0.3332341523694012 0.09426553281368455
-0.3618607225904142 0.07936615156614646
-0.4347190768246168 0.1453688860617794
-0.42890579244849103 0.11091396491775297
-0.5 0.15
-0.4650715942529592 0.10948721770303868
-0.4234650269343102 0.21486580345957712
-0.46542173713045387 0.17500000000000002
-0.4680546963009226 0.1422286009113414
-0.4305978467407531 0.1803611870939507
-0.40446853076021133 0.15954495792156145
-0.3812285543739808 0.1326364052398425
-0.33682542089313333 0.13897477040863032
-0.46312313905584707 0.21459238639971612
-0.4437002615072615 0.27364375440881633
-0.49845971198398037 0.25
-0.4434741660831981 0.24084946687522
-0.3560473565686998 0.1149319157694849
-0.28655985056464006 0.12051349815668355
-0.2780635098611129 0.2486120795426623
-0.4770647898903563 0.2756828117138126
-0.31594985924926994 0.11815274635730019
-0.31749238706817073 0.19917877313066384
-0.3385775550280278 0.17274359053506394
-0.2975167386577732 0.16161930133096486
-0.2390179955635195 0.1551991362060432
-0.26895163168955777 0.2009030475751917
-0.2695117303484605 0.14707093011884703
-0.2939612348201492 0.22085114820626725
-0.3585898903843888 0.2762942475659534
-0.4006023971470536 0.25754296318019726
-0.3334916377999232 0.24016109673356095
-0.361948489739955 0.20840726489950753
-0.3115415156998638 0.2821910085922502
-0.39452741222073956 0.19429509984308035
-0.3892268828888882 0.22671990215054033
-0.3642814416407589 0.24555761371643028
-0.20667068671436117 0.23752264219949112
-0.3071107108235365 0.25313033895126075
-0.3493742573291322 0.39340601714757156
-0.24434604422507292 0.2303270808235769
-0.230288134368594 0.19357115905890734
-0.21222867415446642 0.169283466652127
-0.20295331862751956 0.11912144184482945
-0.2448782997307006 0.11250729137992892
-0.1720112343973617 0.10902521871533241
-0.2700148295821123 0.09414603273993831
-0.2368013191404061 0.05772362171409509
-0.2195674834359044 0.08825172261421077
-0.22865397032900187 0.33135127364773614
-0.2385936634761333 0.28116438456343357
-0.3419162126813815 0.33390065862337764
-0.1954409838974276 0.20316714012006373
0.012428660538409492 0.2672180795519872
-0.09737376351476633 0.2542352080867873
-0.150637779901002 0.23682492330996016
-0.2639562508507428 0.046939422975283404
-0.2746074305689604 0.3143747805910664
-0.33785648334028906 0.301509373593225
-0.30900511063151176 0.3215754851360468
-0.2774467103434528 0.3865705816097603
-0.31215602835973927 0.3632645611915358
-0.2783268027335581 0.350382238398072
-0.17649378185769465 0.2949430210313678
-0.2785456143749297 0.28160958152265775
-0.2464335173686238 0.30879483616584297
-0.21056974435413156 0.3016918874601834
-0.19910339207418692 0.2701855269407214
-0.48688151869382906 0.04999999999999999
-0.4760420826319791 0.07956488430473982
-0.45305613077010154 0.014404300099168436
-0.4370224086914139 0.04550280977855697
-0.4809865377688474 0.02173239054090431
-0.4622555547742805 -0.04921752293762813
-0.42338621101985785 0.0016957471937143857
-0.006426564670095537 -0.1479403830711723
0.016755558537167613 -0.17889363192295882
0.16248295081830424 -0.3503018530482023
0.1293385907716851 -0.33092833965564855
0.16760319740898383 -0.3900714571860478
0.12771279276572167 -0.3717483411950892
0.21930155049742955 -0.3632009989924977
0.18852859265403552 -0.3671629477193854
0.207981697492617 -0.3967679721993553
0.11528546879218801 -0.3986971604870825
0.25 -0.5
-0.3178782261301094 0.06539492613819077
-0.44227382782630287 0.35
-0.4612442698362768 0.3135787104953046
-0.49090399304961996 0.35217844372794244
-0.40514506957638013 0.31111494003895407
-0.37042073603949444 0.31387801909731966
-0.43277505415199097 0.32190132615590733
-0.46521133986158614 0.38184121415857303
-0.4083879288450759 0.39859282051033645
-0.3911992788884896 0.35543096678426084
-0.4338595200179893 0.38024380510606026
-0.4155536410508227 0.2832537501620433
-0.37985194473183265 0.38495340145647644
-0.10155822034197384 0.1768553277999963
-0.13483658427979078 0.27866522607634286
-0.1638975267283262 0.2657363826648716
-0.054347023150956006 0.3611547945885476
-0.08643408842455472 0.3119500835754659
-0.1037839720143995 0.28534447159850074
-0.13723026036363917 0.33398171852797187
-0.1482443566467817 0.3057950761555486
0.35547650198831254 -0.3130610452048058
0.21131035578897883 -0.2668130574910747
0.22941714317788883 -0.43576303426719243
0.20562716762256295 -0.46453343273563286
0.2754037337612282 -0.45612979300273465
0.2391747513683023 -0.46805256420975994
0.275 -0.48518632402379724
0.35000000000000003 -0.4431368308900429
0.3149892706471888 -0.4627659432037598
0.35000000000000003 -0.49849430649022425
0.30649432051754516 -0.4065769015269236
0.29905381531622144 -0.4364384717136508
0.37585618504674145 -0.4708155686901336
0.44127485656358256 -0.44127485656358256
0.41260573251909094 -0.4649923660278912
0.45 -0.4982308762017792
0.3950745880970995 -0.41461515335267285
0.5 -0.45
0.4737036536050613 -0.42500000000000004
0.4416357836130802 -0.36493933062726813
0.44242039124368704 -0.40311165661219095
0.5 -0.35
0.4702315120120329 -0.3834457903512854
0.4758532639089761 -0.475
0.46250671938778676 -0.325
0.4395792257027743 -0.25
0.40863037328935103 -0.3222689398657883
0.4622909567289445 -0.28406149218213234
0.49891064335017404 -0.25
0.42299646894604576 -0.2856598322990578
0.46924493452647414 -0.2548219962753389
0.43616089188387397 -0.31194911258431474
0.3864246284932965 -0.29243167648803214
0.3090664665121522 -0.20990799325526682
0.3408681285685825 -0.2576167658262327
0.3576776995579776 -0.2828344414912818
-0.3744132428611317 0.4468330878881601
-0.11446991963778319 0.21635663244157774
-0.15006075102821076 0.1956557495217897
-0.1416978726843477 0.15283697259908902
-0.17052379810208387 0.1403888488397834
-0.04404445981695801 0.2740210329190577
-0.09810158128685814 0.3546231779539752
-0.08661185520139514 0.4274740241401888
-0.0809046996697151 0.38924243731070907
-0.14686049023484596 0.39964470450478495
-0.11540373487418362 0.3847987517315547
-0.1831799259801178 0.3409318395566797
-0.15607602932025147 0.3647554552103615
-0.21736740017794923 0.39049099358487094
-0.24604790098544715 0.3677020961781078
-0.18823685567340234 0.37401478757606327
0.20008267315819525 -0.3162691383415197
0.16020504006497455 -0.30185512843339257
0.18793447418020012 -0.28750870093174025
0.2777220155982384 -0.31187641661638976
0.3168645543008516 -0.2950557492090889
0.2768069621896417 -0.25579337991668055
0.28877648788191396 -0.2836470679610881
0.2396599472574522 -0.3274630610104658
0.2680112573917863 -0.36728123647486194
0.24561161484068303 -0.28773035966880744
0.31607364732993365 -0.3471557009602948
0.328138511870954 -0.32128287339750455
0.24214220115561277 -0.3833176082196781
0.27688062101838257 -0.39708674906341695
0.2855898485701273 -0.34180881369090416
0.3675630134104557 -0.3668453778345798
0.389273212443855 -0.24149063353528064
0.426735791253832 -0.17297309525242194
0.35347833879023594 -0.2147575204793147
0.41984571034007107 -0.21370615137825336
0.4586343916115261 -0.1993180734529125
0.38623175219982714 -0.18707101685162542
0.4801358424246775 -0.15
0.4789125022351735 -0.22420771550987809
0.3584618722846249 -0.04205271945389366
0.47965551414725266 -0.17913667389358545
0.38299016772644495 -0.11252374807415357
0.3957944458029665 -0.14931108410949306
0.4382571249171675 -0.11390942401591639
0.33229483755673495 -0.15079088212649805
0.4103628486332388 -0.12361836488457931
0.3519766144989031 -0.1797639042350042
0.3638062868645186 -0.1398229403558987
-0.4324666614561199 0.45163499586783923
-0.4477429023801176 0.41622385596753203
-0.48298439641611757 0.45242754045575767
-0.45715345455315987 0.4884959699543177
-0.47814666781234716 0.42188241588899444
-0.4262157924067661 0.4825185663952315
-0.31487198924944804 0.44215664295130724
-0.35000000000000003 0.4913223569523495
-0.34351733854602956 0.4588220807440054
-0.3781000092692731 0.47779913199506024
-0.05172647284407318 0.2129636671988635
-0.08255265338163822 0.2247484463151668
-0.009585741683154281 0.32227133983100265
0.30919124939711495 -0.24427836066123262
0.23207214875999915 -0.19006014128109083
0.3328896736307429 -0.3803493672324623
0.3386205090013619 -0.41251276179098195
0.4048892249601057 -0.3771555841362545
0.39264823217239964 -0.3487503984032655
0.44687962133650544 -0.14624693052254834
0.4715351181360338 -0.11763722958759712
0.4118836292385443 -0.06296282914440089
0.5 -0.04999999999999999
0.4343262634240074 -0.0836446369984175
0.45355556283361376 -0.040260584633538314
0.4713525556724392 -0.07499999999999998
0.48099911103737986 -0.024999999999999998
0.4052556819885007 -0.0011993169640980364
0.4524120456756721 0.016447861815595346
0.4213334076495375 -0.030711373174482533
0.38863614657031453 -0.02938887065819048
0.4906451182220231 0.04999999999999999
0.3919365168893013 0.10622046920298485
0.4810835595598276 0.02233591685124016
0.41144022190322377 0.05410314108127047
0.4223750942785969 0.024883239983013537
0.4512635921368971 0.05631613508784303
0.4750653001461124 0.07879008525524986
0.447863277659877 0.1360309629704705
0.5 0.14999999999999997
0.4691154947477029 0.1110465318356982
0.4310532905452973 0.10020109933611909
0.4653619991700134 0.17499999999999996
0.43757158326305423 0.25
0.4618581914655298 0.21635041779700367
0.3847572790195248 0.18778153214793
0.49885831395963204 0.25
0.4233266994652216 0.17046225513640978
0.4682149486113431 0.2465276403348994
0.42041522789600394 0.21202816030575872
0.3896706940602878 0.14711752499223313
0.19614529381301865 0.14436277804230682
0.41636222252679844 0.12895181053131963
0.29325639266266124 0.12126458112117881
0.3441732806705432 0.12408553351015036
0.3151306963736802 0.1873671345774798
0.32337213455691327 0.038612980966064706
0.3564443799815077 0.005034569982164901
0.3172003007309448 0.15001173159675588
0.3540295609262051 0.16343986825044926
0.35360580397178837 0.07652254827774366
0.38432648729470814 0.029138261132316292
0.3806108012655258 0.060379991279704746
0.36359142851370735 0.10321966705588348
0.32026872658774186 0.09462806176885573
-0.40485015097517896 0.43218522241999147
-0.40391103624733904 0.4622852067174766
-0.3121149429927221 0.40362094566467227
-0.2510735711375488 0.4447192050367016
-0.28223721452851075 0.4251250307723674
-0.019505868777409598 0.23992173354880317
0.02865767829113612 0.1496218254316396
-0.004892607509134049 0.18972152921088822
-0.023211148008974482 0.21161606841346797
0.021257214873200404 0.22456079271370175
0.033739208364020494 0.1879585362198905
0.14945593345811087 0.27333565049094666
0.1127465265060507 0.15798098440444655
0.08143425288994399 0.2592575609697709
0.06971966771869983 0.16368419347935448
0.04561713866857327 0.2518446811910462
0.07215352619602244 0.2138636802012565
0.0701958482603289 0.09531224484787235
0.09478340905221817 0.18761729356701243
0.15954303251216342 0.2066072600527229
0.12968568422929577 0.18851016668245313
0.15499032379393335 0.15450590516210788
0.12190242742406318 0.23502981541567072
0.058515578185405454 0.12941852941532345
0.016722547713701498 0.09981848585759043
0.09636139704274714 0.12332627119416653
0.18269071288384836 0.1783349853991565
0.24877393060777053 0.18485660138545562
0.2166654791439758 0.1721401548445493
0.24412376625247653 0.1303874910631828
0.16813230584601904 0.03006456040820167
0.27824181670567694 0.15811561873348912
0.1614806379014134 0.09227671266977137
0.16943713756073137 0.12455960738937495
0.13287502914100044 0.12537906153618708
0.20910678906926644 0.09766062062229074
0.11535813028445849 0.07935648467636686
0.2638217453214098 0.06439965531922186
0.287357507353942 0.08826748334865799
0.2541721316924087 0.0974530887423404
0.29574247418650845 0.056461102066998704
-0.04985096806738047 0.1579357337640529
0.09331072820215229 0.233183771925558
0.1552735199394227 0.24008846375020657
0.21260580907907556 0.23038663394295708
0.19059197524542992 0.20841619451437793
0.1148516327699695 0.26916405262178267
0.11840626220738165 0.385288491447093
0.1254382532691618 0.3269566146051555
0.21648883250245954 0.12485911261052572
0.18882412469281823 0.06373858260022856
0.22673563808327746 0.017248628794146258
0.2806221385573586 0.0027441582942151974
0.22632051676404147 0.06434346468801047
0.19966971074025514 0.033879943648926214
0.08005138797626583 0.051314946791128066
0.14588998925786165 0.05914810305531059
0.11780238828901504 0.0146205199227699
-0.012773891383947442 0.1332189335733655
0.31925929661413244 -0.020145519687440043
0.050042802423143275 0.06769541047382545
0.11240189596428715 0.04683073840378469
0.08309979778092758 0.01668492030305059
0.0005206394888958854 0.16016550099519808
-0.056551705438737616 0.10771650403751269
0.32674003426688986 0.00885405206619798
0.25048435506193356 -0.0921816845480894
-0.04090642503498858 0.131185612368217
-0.08671718158729744 0.13729812843251604
-0.11783929020511094 0.13221737702093206
-0.09726835763174839 0.10406977709522058
-0.05256553258573528 0.07020911473316312
-0.02112736815608808 0.09251578246814417
0.31094398351963737 -0.0810554203338058
0.3362627116628675 -0.1114398227069428
0.34710517270457686 -0.07666401037651735
0.32576964136570974 -0.05205684688779488
0.37911014747635574 -0.0679966896613925
0.27761824222735487 -0.045728346882774516
0.2879530510469385 -0.12595431626942194
-0.06871745820977163 0.043416807115758016
0.2457596975221099 -0.01942470657140162
0.24219432523002793 -0.05618812575194429
0.18320911145352411 -0.03191305282765202
0.21637320724747913 -0.03512935726481657
0.19721108000735796 -0.0004605552313571258
0.2790789465403475 -0.07773282421869808
0.24046543801631934 -0.1409680120862276
0.29275741746143635 -0.1693778045876692
0.3211520287939619 -0.1814984372404213
0.2694321555513861 -0.14998098584105307
0.27003189805073985 -0.20206880089226245
0.23930384376818617 -0.23320083501818412
0.25980059720996895 -0.11951682025651528
0.18003711811111395 -0.10313633579114351
0.2128112877663647 -0.08190707999821441
0.18019124313175294 -0.06746092461002699
0.12474726007933298 -0.04485191994896426
0.15599717448528094 -0.047504909340878566
0.09846225724268018 -0.017779628934769323
0.15122533919615616 -0.007634825099819706
0.21285670236497792 -0.11789054462209429
0.17071409444621397 -0.1677540774814247
0.15843171644376308 -0.23063568200099946
0.15935701108930703 -0.2662444432816267
0.2056626262767553 -0.15455077350995414
0.19898925533416245 -0.22808848303227874
0.17865511689212457 -0.13591837320414613
0.10836973778708783 -0.13529480223611806
0.14343758808572524 -0.14404204350729866
0.1123461714696898 -0.19402065421420894
0.13942285397480217 -0.1762047039756661
0.18547396906821229 -0.25371108328913583
0.1769679010852074 -0.2016159379021009
0.20218669247130355 -0.18471145667213887
-0.04872338931210632 0.3224229833716939
-0.013626565912799694 0.2887273860887596
0.026857119011564828 0.40942863725842626
-0.03021128846514156 0.4163516471554377
-0.06039686610293153 0.41184558814300787
0.3673993520651086 -0.398746756105502
-0.24871632698950416 0.4085950417586323
-0.2838393132573144 0.46501142616521457
-0.24530886174449365 0.4906268966078817
-0.21610286033680406 0.46364365963509013
-0.21714247104084347 0.427074368030033
-0.17002967232380456 0.4440344441592236
-0.18454194031986534 0.41043103181232726
-0.1279201865043668 0.4377720139181102
-0.11201730009346131 0.41356421034751567
-0.09980868953518401 0.46253661569710325
-0.14288345026521918 0.48186321501257695
-0.049999999999999996 0.48152314930432166
-0.05005383767992681 0.4459167231812523
-0.005181510963791547 0.45459152283832793
-0.175897405896139 0.4768997318398507
-0.020791356689197814 0.47937261183560637
-0.00031764750065496616 0.4240963832370762
0.09440303923216653 0.45339160763374226
0.02809416317548649 0.4442275586882605
0.0500318321146571 0.46779928015885053
0.05294277101767589 0.31534677522907695
0.04063198367333673 0.284593362356072
0.08814224322164542 0.29794597658306404
0.020746647597204182 0.31039433902061664
0.029664472515663245 0.3595497631167053
-0.0054810320273885145 0.3824612665667152
-0.03613008355682815 0.3860644375534237
-0.0003773964062450223 0.35187829358187334
-0.02933973237426205 0.3450115427608644
0.07849730110559078 0.3570353064166307
0.05333380759560396 0.3437836385708271
0.093765652914336 0.329195685633461
0.07460585675981346 0.4048453964954627
0.06304026785176388 0.4383430758676441
0.04999999999999999 0.5
0.15 0.5
0.2111018180293282 0.40572896227717314
0.11903214719993933 0.42882559905101847
0.16234579752278408 0.4064298738262244
0.04866784832689201 0.38563777884952716
0.09071319488147986 0.38209301902517434
0.12589739551501666 0.4681627707329557
0.157435332102447 0.36040370485982753
0.1873655977493166 0.45072289002692223
0.15908257174981844 0.468081833338896
0.12770219222957885 0.35681933238384456
0.17115917876636744 0.31524631023192784
0.18635741877985296 0.38059307896021927
0.1869490178384779 0.4217452270065916
0.25 0.5
0.15055997379326397 0.4367183932521985
0.14364224191461974 0.302921037831433
0.19697419374650982 0.2753033281478074
0.25816292857853074 0.3346533669541065
0.22711744663446143 0.3652153245519238
0.19581475664243217 0.343952732716815
0.2890487800514523 0.39707717402859855
0.24964695754226002 0.39754399098548565
0.26900230301253236 0.36814300087082225
0.3608806331835582 0.31990636035961234
0.3107907477764526 0.3361186314353153
0.269688261308614 0.42604151255117967
0.32917550607367435 0.4448516304065476
0.29191542050309865 0.4592174850304355
0.30216655342123633 0.426798142540968
0.23585789828691683 0.4274597409720434
0.36666503891033236 0.25273185473193427
0.3866714392635381 0.22330973482506192
0.40227499897457 0.25543283346510437
0.3452235380612325 0.2166390833417187
0.4300981423268712 0.31882142355722654
0.4572777256940345 0.2869564140061408
0.38190645640155313 0.2878805960367749
0.29956090350774933 0.2681809405762981
0.4221435614676111 0.28451242751835565
0.39549491799371395 0.3197167137384962
0.414951242562218 0.4025493259064896
0.4138273868546412 0.3591119779036025
0.33064061022989033 0.24971753274130942
0.3335819977884658 0.2900589620560481
0.2951892505257041 0.2254319259288008
0.46926186402706316 0.36230092957842064
0.35563087659697973 0.38235091060121373
0.3331452441763536 0.40968255687724303
0.3753917189093677 0.4215233154575597
0.3013555138703387 0.3027812691444346
0.2552895035883841 0.25111024058229026
0.2816507172372673 0.19408346222693282
0.25735702736018334 0.21745971469275016
0.44136608466738286 0.38013268118896226
0.44024886021744564 0.3463512749888335
0.3890239940436582 0.3814869295489235
0.3715597357661781 0.35224711036670486
0.33855640356886346 0.35405014654112676
0.30874660349735633 0.3697461548582679
0.4145089844512326 0.4523537475235966
0.275 0.4837633238285115
0.24407165338870743 0.4635070943354974
0.18580092283760763 0.24623652561334589
0.48417411634685514 0.27534832933871795
0.5 0.35000000000000003
0.35 0.5
0.22470896528005282 0.25977704909955046
0.2506686042397951 0.2930901523661994
0.2736274750025073 0.3104076682339405
0.2240133482800365 0.31935366437807683
0.5 0.45
0.45 0.489193509392601
0.21270454168105982 0.47048436617794454
0.1985694693005799 0.30464791909387057
0.4293800030649215 0.4275816262185808
0.46817030238631685 0.39748212642489694
0.4219886380658895 0.48066363781537397
0.32499999999999996 0.4779342749592703
0.36688650720941374 0.4621175731889791
0.4792354429112215 0.475
0.4512318197500573 0.454524802312774
0.39373725308845975 0.4720606756922497
0.473561424094626 0.43011921656315855
-0.0693298277654964 0.1848177680581583
0.25905922221374394 0.029985221464523558
0.07818670602905146 -0.1668361016711459
0.07406381430231287 -0.20707109409196062
0.07637499437546794 -0.2531856183857063
0.1194791585015383 -0.2494642678389412
0.0497050496579447 -0.18424631099600408
0.12927511841036393 -0.22002334135234983
0.07934133197039875 -0.2856856209911291
0.019167668353176962 0.47481293180885026
0.078186778178616 0.47897918576662163
0.47115191896115594 0.3245001669720101
-0.4506932515591064 -0.018413370196008232
0.024812380444595203 -0.09814836699749321
-0.003805747525233842 -0.0825105680362036
0.0023023353013435603 -0.11872130808919441
0.06865646058861755 -0.11207566131870653
0.07860052003443843 -0.06336021816722573
0.10571293076511572 -0.09426718906754461
0.07278647658816695 -0.03370907969667778
0.053560945514626826 -0.0836216440822339
0.14201131408037834 -0.1059397270770906
0.13165026963425847 -0.07588446194928578
1744
240 241 250
362 359 376
365 363 364
298 304 296
556 553 552
243 249 246
341 342 373
272 279 244
243 246 239
336 375 289
296 244 279
342 338 289
272 273 271
359 362 361
310 343 328
323 361 360
131 130 382
391 392 114
105 104 401
391 112 111
303 320 326
114 113 391
258 272 244
303 326 236
331 284 282
115 392 116
361 323 359
280 285 277
275 306 300
311 325 291
286 306 275
321 302 301
288 285 286
98 97 401
286 284 287
401 100 99
99 98 401
331 276 346
307 306 293
401 101 100
245 247 253
109 391 110
256 265 254
111 110 391
288 292 297
333 274 334
349 264 348
103 102 401
240 260 249
106 105 391
104 103 401
280 284 285
349 266 270
107 106 391
102 101 401
335 325 305
265 255 262
96 95 401
348 267 349
138 382 139
140 139 382
278 276 282
297 277 288
134 133 382
245 252 246
382 137 136
134 382 135
242 201 251
275 302 292
137 382 138
391 108 107
144 993 145
309 317 308
146 993 147
993 146 145
343 310 319
248 246 252
142 141 382
265 263 254
142 993 143
382 993 142
280 281 278
267 348 261
143 993 144
140 382 141
337 338 339
318 321 301
119 392 120
392 122 121
287 330 283
295 304 298
117 116 392
244 304 253
381 382 392
117 392 118
538 528 370
319 344 343
118 392 119
263 202 270
392 126 125
357 281 268
129 128 382
127 126 392
201 259 262
133 132 382
392 124 123
251 262 255
362 381 380
269 257 254
322 330 331
321 320 308
125 124 392
129 382 130
237 308 320
105 401 391
131 382 132
153 993 154
554 553 550
306 287 293
363 388 369
312 293 283
401 93 92
92 91 401
322 329 330
552 991 556
339 307 291
284 331 330
819 90 89
312 311 293
320 318 326
399 388 390
311 291 307
86 819 87
264 350 348
331 346 322
337 325 336
819 85 84
288 275 292
81 80 819
273 269 268
320 303 237
819 84 83
335 305 299
819 86 85
336 289 337
819 810 400
556 341 340
484 491 489
570 569 571
991 555 344
328 326 310
675 575 578
333 346 332
502 570 232
497 498 502
356 346 276
340 373 446
328 345 236
78 77 819
265 262 259
819 76 75
251 260 240
335 364 366
819 77 76
338 347 339
547 546 532
371 372 375
248 252 352
75 810 819
75 74 810
270 202 264
78 819 79
819 80 79
327 339 347
290 321 308
235 555 991
238 352 315
324 313 334
72 810 73
390 410 399
448 446 445
256 260 255
384 366 369
333 332 395
287 283 293
363 369 366
329 333 313
335 366 314
810 69 68
353 302 275
66 810 67
286 287 306
267 268 269
402 390 383
810 65 64
266 254 263
62 61 811
380 381 392
327 310 301
63 810 64
245 295 252
65 810 66
256 258 253
70 810 71
281 271 273
302 321 290
58 57 811
58 811 59
811 763 797
325 311 305
55 811 56
318 310 326
336 325 314
56 811 57
333 322 346
806 811 797
53 52 811
394 323 334
51 811 52
356 276 443
306 307 300
588 545 583
49 811 50
267 261 358
744 630 684
266 267 269
327 300 339
763 811 49
338 319 347
50 811 51
289 338 337
54 811 55
312 324 305
61 60 811
284 330 287
685 630 536
330 329 283
344 319 341
149 993 150
151 150 993
323 299 324
290 316 294
292 302 290
993 152 151
316 317 315
385 393 394
153 152 993
314 325 335
993 156 155
325 337 291
333 329 322
157 156 993
327 301 353
158 993 159
157 993 158
300 307 339
347 319 327
161 160 992
364 335 299
162 992 999
161 992 162
278 282 280
159 992 160
277 297 296
163 162 999
345 328 555
304 295 245
163 999 164
387 557 379
336 314 374
316 315 295
166 165 999
319 338 341
167 999 168
166 999 167
290 297 292
164 999 165
316 298 294
271 281 280
170 169 999
297 294 296
171 170 999
992 995 999
279 280 277
277 296 279
172 999 173
358 351 357
981 985 982
175 174 996
324 334 323
172 171 999
308 317 290
999 169 168
298 316 295
154 993 155
87 819 88
837 1001 835
354 378 408
847 997 995
319 310 327
468 471 466
830 829 688
288 277 285
177 998 178
823 822 835
352 295 315
645 687 647
365 364 299
561 464 481
443 351 356
604 210 612
378 354 376
358 357 268
605 596 601
608 692 691
299 323 360
998 182 181
413 405 409
115 114 392
559 564 641
404 421 423
176 175 996
267 358 268
998 179 178
258 244 253
831 646 830
670 818 827
241 200 250
266 269 254
998 184 183
251 201 262
186 998 187
185 184 998
251 255 260
180 998 181
280 279 271
241 240 243
839 838 836
243 239 241
189 998 190
188 998 189
260 247 249
282 276 331
192 998 193
253 304 245
998 196 195
795 796 769
342 341 338
998 192 191
200 242 250
998 188 187
290 317 316
798 791 817
298 296 294
436 431 261
357 278 281
239 246 248
266 263 270
28 27 799
29 28 799
33 799 34
423 427 404
799 32 31
310 318 301
269 273 257
32 799 33
799 31 30
311 312 305
799 21 794
265 259 263
794 18 17
391 113 112
251 240 250
19 18 794
25 24 799
256 254 257
23 22 799
273 272 257
265 256 255
24 23 799
799 22 21
256 247 260
279 272 271
762 753 745
237 309 308
238 315 309
763 756 762
763 44 43
627 581 626
763 48 47
46 45 763
286 275 288
122 392 123
44 763 45
871 225 226
356 332 346
799 37 36
250 242 251
747 744 684
245 246 249
256 253 247
799 36 35
763 41 40
286 285 284
855 744 535
245 249 247
256 257 258
40 39 799
38 37 799
312 283 329
240 249 243
40 799 763
17 16 794
237 238 309
280 282 284
290 294 297
795 775 800
801 5 4
8 801 9
263 259 202
801 7 6
344 555 343
120 392 121
7 801 8
728 737 724
312 313 324
199 801 0
315 317 309
774 788 772
196 838 197
313 312 329
0 801 1
10 801 11
320 321 318
2 1 801
299 305 324
311 307 293
3 2 801
801 4 3
394 334 274
357 443 278
702 709 701
353 275 300
281 273 268
801 12 11
732 733 729
883 855 535
304 244 296
13 12 801
736 730 735
258 257 272
14 13 801
788 774 778
201 202 259
716 721 712
327 353 300
932 935 919
248 352 238
252 295 352
748 754 535
264 203 350
726 721 724
423 428 427
963 969 912
925 917 921
442 426 350
412 377 396
794 775 756
801 10 9
264 349 270
302 353 301
339 291 337
333 334 313
266 349 267
397 396 377
993 148 147
396 385 395
350 426 348
360 361 380
387 362 376
360 380 355
391 383 389
819 89 88
365 299 360
364 363 366
360 355 365
389 365 355
819 83 82
411 406 410
71 810 72
533 541 543
91 90 401
372 342 289
383 388 389
384 529 538
524 525 629
487 234 551
445 446 483
372 373 342
375 336 374
373 372 371
482 483 568
373 340 341
384 374 314
370 568 375
289 375 372
375 374 538
397 393 385
387 376 354
424 356 432
454 467 469
393 376 359
405 413 398
405 408 409
993 992 159
361 362 380
362 387 381
382 381 379
128 127 392
993 382 379
135 382 136
94 401 95
401 94 93
366 384 314
369 399 529
385 394 395
377 378 397
481 478 592
992 449 995
557 387 354
381 387 379
389 388 363
388 383 390
365 389 363
355 391 389
401 90 819
74 73 810
380 392 355
108 391 109
128 392 382
355 392 391
376 393 378
394 393 359
323 394 359
395 394 274
333 395 274
395 332 396
332 403 396
421 434 423
393 397 378
396 397 385
996 998 176
557 405 558
529 399 368
388 399 369
68 67 810
410 368 399
96 401 97
383 391 401
402 400 411
383 401 402
332 356 403
351 432 356
427 437 441
450 205 455
409 378 377
558 449 557
811 54 53
629 525 527
396 403 424
409 415 413
409 408 378
557 408 405
415 416 414
418 414 416
411 410 390
527 410 406
402 411 390
411 400 809
424 412 396
416 415 409
412 416 377
419 415 420
461 441 452
419 398 413
416 409 377
415 414 420
412 407 416
416 407 418
453 418 421
983 982 398
407 421 418
453 404 461
415 419 413
419 417 983
462 414 453
419 420 417
407 412 424
453 421 404
431 351 358
436 261 348
434 421 407
423 422 428
356 424 403
422 423 434
425 430 426
442 438 426
442 350 203
428 430 425
425 437 427
204 439 437
433 430 422
427 428 425
430 433 429
429 431 436
422 430 428
426 430 429
261 431 358
431 429 433
351 431 433
422 424 432
422 432 433
433 432 351
407 424 434
422 434 424
203 204 435
204 437 438
348 426 436
429 436 426
438 437 425
440 205 450
426 438 425
204 438 435
450 441 439
204 440 439
451 455 458
450 439 440
437 439 441
404 427 441
203 435 442
438 442 435
278 443 276
351 443 357
444 493 494
504 514 505
568 483 371
447 448 485
483 373 371
485 493 492
553 551 550
448 553 446
493 485 445
448 447 553
852 841 850
642 560 559
450 459 441
475 464 566
462 420 414
459 455 457
418 453 414
452 459 457
420 454 417
463 452 457
454 462 463
456 455 205
455 451 457
205 206 456
458 456 473
457 451 471
467 463 460
455 456 458
473 456 206
441 459 452
455 459 450
466 472 475
463 467 454
441 461 404
452 453 461
463 462 453
420 462 454
452 463 453
457 460 463
207 567 594
469 470 987
467 460 468
560 465 562
466 471 472
562 464 561
460 471 468
469 467 465
466 475 566
465 467 468
470 469 465
454 469 417
468 562 465
984 987 386
457 471 460
472 471 451
458 472 451
474 478 476
206 472 473
458 473 472
464 475 476
476 475 477
477 472 206
474 476 477
597 598 596
472 477 475
474 477 206
474 207 478
592 594 591
591 593 479
655 648 649
386 470 560
464 476 481
478 481 476
559 560 562
503 494 499
499 494 493
483 446 373
483 482 499
233 486 489
484 489 490
445 485 448
486 490 489
485 484 487
487 447 485
516 491 492
490 234 487
505 444 494
233 489 495
489 491 495
234 490 486
484 490 487
492 491 484
495 491 488
492 484 485
492 444 516
445 483 499
444 492 493
370 528 503
504 505 506
498 495 488
495 498 497
517 488 516
533 580 577
232 233 497
233 495 497
569 570 574
498 496 502
499 493 445
503 499 482
526 528 530
508 504 506
508 522 501
498 512 496
574 496 579
232 497 502
503 482 568
506 503 500
494 506 505
513 504 510
494 503 506
514 504 513
500 509 506
508 501 510
525 507 526
523 522 508
509 508 506
523 519 522
509 500 526
508 509 507
515 513 520
504 508 510
515 511 513
511 515 540
498 488 512
514 444 505
520 510 501
512 517 518
513 511 518
516 514 517
522 532 501
539 544 541
516 488 491
444 514 516
514 513 518
488 517 512
512 518 511
514 518 517
627 367 628
636 531 548
510 520 513
546 520 501
739 740 674
575 231 571
523 508 507
583 537 582
507 524 523
523 524 534
525 524 507
534 524 367
507 509 526
410 527 368
500 528 526
529 530 528
406 628 629
368 527 525
503 528 500
529 528 538
369 529 384
530 525 526
529 368 530
368 525 530
534 537 519
680 741 743
519 532 522
547 539 546
520 546 515
572 573 577
626 536 537
519 523 534
42 41 763
686 883 887
536 586 582
549 548 532
627 534 367
548 531 547
375 538 370
384 538 374
639 638 860
515 541 540
541 515 539
573 540 533
544 543 541
533 540 541
640 531 636
228 681 682
741 543 542
521 533 543
544 539 547
542 543 544
536 582 537
582 588 583
532 546 501
539 515 546
548 547 532
544 547 531
549 532 519
636 548 545
583 519 537
545 548 549
234 235 550
554 552 553
487 551 447
234 550 551
235 991 554
556 344 341
553 340 446
553 447 551
550 235 554
555 328 343
556 991 344
236 326 328
553 556 340
555 235 345
557 354 408
994 449 992
405 398 558
398 982 985
565 564 561
559 561 564
465 560 470
642 559 641
481 480 561
479 653 565
468 466 566
561 559 562
597 600 593
641 563 648
565 561 480
641 564 563
565 480 591
563 564 565
464 562 566
468 566 562
595 567 208
593 591 594
375 568 371
503 568 370
512 579 496
569 578 575
496 570 502
569 575 571
231 232 571
232 570 571
511 572 579
511 540 573
533 521 580
511 573 572
496 574 570
577 574 572
569 574 577
675 678 575
580 625 739
739 674 675
577 573 533
577 576 578
577 578 569
576 739 675
511 579 512
574 579 572
625 580 521
576 577 580
809 803 807
60 59 811
630 855 854
588 586 587
545 549 583
519 583 549
584 631 854
635 631 633
585 586 630
631 585 854
630 586 536
587 586 585
585 631 587
588 636 545
586 588 582
636 588 587
616 613 212
660 657 614
621 624 589
643 851 843
565 591 479
592 591 480
481 592 480
207 592 478
595 597 593
207 594 592
594 567 595
597 595 208
594 595 593
596 598 601
479 593 600
598 597 208
690 600 596
208 209 598
598 209 601
859 689 690
644 655 652
596 600 597
600 599 654
209 603 601
603 605 601
603 604 602
609 605 602
604 603 209
603 602 605
209 210 604
607 211 611
602 607 609
656 651 689
606 211 607
612 602 604
612 607 602
610 613 611
611 613 608
610 611 211
609 608 691
613 610 212
607 611 609
608 609 611
210 606 612
612 606 607
619 614 616
589 656 692
661 666 658
618 615 620
613 620 608
616 618 620
617 616 212
616 614 618
212 213 617
614 664 661
589 615 621
615 618 621
616 617 619
664 617 213
608 620 615
616 620 613
614 657 618
623 624 657
658 668 662
673 672 662
621 618 657
645 647 644
657 624 621
655 651 652
682 521 680
683 682 681
627 626 537
581 979 685
534 627 537
629 628 367
808 628 406
581 627 628
629 367 524
406 629 527
536 626 685
744 855 630
584 633 631
587 631 635
633 858 632
874 863 865
856 885 884
868 635 633
634 867 865
861 228 680
868 633 632
635 634 637
587 637 636
542 544 639
635 637 587
866 634 865
637 640 636
865 863 864
544 531 639
531 638 639
634 640 637
531 640 638
563 649 648
560 642 386
641 643 642
642 643 843
641 590 643
590 831 845
589 624 645
648 650 641
624 623 645
623 659 687
830 622 827
650 590 641
687 645 623
650 647 646
649 563 653
648 644 650
654 649 653
652 589 645
647 650 644
831 650 646
654 651 649
605 691 859
644 652 645
656 652 651
565 653 563
654 653 479
600 654 479
651 654 599
648 655 644
649 651 655
859 691 656
652 656 589
666 661 213
623 657 659
816 695 704
659 622 687
662 657 660
659 657 662
619 664 614
660 658 662
658 660 661
661 660 614
697 667 671
659 662 672
213 214 663
671 667 668
617 664 619
213 661 664
703 704 695
198 197 801
213 663 666
666 663 693
693 671 668
672 828 659
658 666 693
668 667 673
663 214 694
699 697 669
665 798 815
779 776 980
693 668 658
671 669 697
673 662 668
670 827 828
667 695 816
672 673 670
230 676 677
674 676 675
576 675 578
677 676 674
230 231 676
575 678 231
674 679 677
229 230 677
675 676 678
676 231 678
683 229 740
229 677 679
521 741 680
542 639 860
228 229 681
229 683 681
521 682 625
228 682 680
740 229 679
682 683 625
747 780 746
49 48 763
581 685 626
630 685 684
754 881 535
873 875 872
830 687 622
647 687 646
731 798 665
844 826 840
651 599 689
690 689 599
600 690 599
859 596 605
609 691 605
692 608 615
589 692 615
656 691 692
694 693 663
671 693 669
696 700 698
693 694 669
699 694 214
695 698 703
695 697 698
698 697 699
697 695 667
699 669 694
703 702 701
214 696 699
698 699 696
696 215 700
215 707 700
698 700 702
715 711 714
707 702 700
709 710 708
702 703 698
704 703 701
791 798 804
704 665 816
215 216 705
715 708 710
717 723 718
20 19 794
215 705 707
710 707 705
702 707 710
734 736 737
710 709 702
735 709 708
216 711 705
710 705 711
713 714 216
714 711 216
714 713 712
712 713 716
716 713 217
715 714 712
726 715 712
708 715 706
711 715 710
718 722 717
217 718 716
919 939 932
901 904 895
720 718 217
723 721 716
924 923 921
20 794 21
217 218 720
934 931 930
723 716 718
724 721 719
718 720 722
959 720 218
927 928 926
719 721 723
732 727 728
706 715 726
770 727 732
748 744 747
721 726 712
706 726 724
704 731 665
736 706 737
733 724 719
737 738 734
723 928 927
787 906 902
727 770 768
199 198 801
704 701 731
735 731 701
728 724 733
729 947 770
733 719 929
728 733 732
738 728 727
730 731 735
709 735 701
736 735 708
706 736 708
730 736 734
724 737 706
738 737 728
778 777 727
730 734 738
580 739 576
740 625 683
674 740 679
625 740 739
543 741 521
542 860 743
227 862 863
742 862 861
542 743 741
861 743 742
63 62 810
799 39 38
34 799 35
748 535 744
780 684 979
749 746 802
780 747 684
748 747 746
749 748 746
754 755 752
745 753 749
757 759 761
782 750 761
877 893 892
26 799 27
752 755 781
748 755 754
781 785 752
43 42 763
757 755 753
755 748 749
752 882 881
749 753 755
757 753 751
26 25 799
762 764 753
759 757 751
761 781 757
758 759 760
758 760 765
760 759 751
759 758 761
751 753 764
760 725 765
782 761 758
785 761 750
745 763 762
762 756 764
780 797 802
47 46 763
771 773 775
751 764 773
768 766 767
767 765 725
912 750 958
783 784 767
725 788 767
767 766 783
760 772 725
792 778 774
15 801 794
727 777 738
729 770 732
768 770 766
771 772 773
775 764 756
773 772 760
772 771 774
751 773 760
773 764 775
789 771 795
779 738 777
794 756 799
789 795 769
771 789 774
790 980 792
778 727 768
779 777 776
778 768 788
776 777 778
776 792 980
738 779 730
803 806 807
745 797 763
757 781 755
785 781 761
758 765 784
758 784 782
940 729 929
896 907 914
767 784 765
784 783 958
785 750 911
881 882 880
925 957 968
875 873 988
908 907 896
889 900 899
767 788 768
772 788 725
793 789 769
778 792 776
825 821 805
779 791 730
670 813 818
798 731 804
774 789 792
792 789 793
769 839 824
792 793 790
16 15 794
801 15 14
771 775 795
800 775 794
195 194 998
193 998 194
802 797 745
806 797 780
817 812 815
798 817 815
799 756 763
29 799 30
801 800 794
795 800 796
5 801 6
800 801 796
749 802 745
780 802 746
979 807 780
810 803 400
731 730 804
791 804 730
820 817 791
838 839 796
807 806 780
811 806 803
808 581 628
809 400 803
406 411 809
581 808 807
807 808 809
406 809 808
402 819 400
69 810 70
803 810 811
810 62 811
812 818 813
813 670 673
667 813 673
812 825 818
812 813 814
