0.3 2000
56
0.05 0.0
0.04045084971874738 0.029389262614623657
0.015450849718747373 0.04755282581475768
-0.015450849718747368 0.047552825814757685
-0.04045084971874737 0.029389262614623664
-0.05 6.123233995736766e-18
-0.04045084971874738 -0.029389262614623653
-0.015450849718747378 -0.04755282581475768
0.015450849718747363 -0.047552825814757685
0.04045084971874737 -0.02938926261462367
-0.5 -0.5
0.5 -0.5
0.5 0.5
-0.5 0.5
-0.5 0.0
-0.5 -0.25
-0.25 0.5
-0.27727971588858846 -0.12500000000000006
-0.49978287620975087 0.25
-0.20081074604418625 0.005085511093359751
-0.45008340777362416 0.12495674196667853
-0.3250637416121501 0.17471552626950243
-0.13870039075940044 0.136463344131127
0.0 -0.5
0.0 0.5
-0.4237174892034747 -0.12499999999999999
0.1872410029146733 0.2641083961914767
-0.25 -0.5
-0.09007227381826854 -0.27658851752570796
-0.13382229858734113 -0.13922638338507617
-0.2747845819373789 -0.31331073307783497
-0.375 -0.42160499399891843
-0.125 -0.4205330984684891
0.3673401350323506 -0.375
0.06342860733798816 -0.34456478686975434
0.5 0.0
0.3408756402559781 0.19620532308371194
0.45265192122680425 -0.125
0.1815361197802733 -0.2605650537540166
0.33876751667717764 -0.19497987542065026
0.5 0.25
0.18793778870314956 -0.11577431408527414
0.20259092417129276 0.10085456836278345
0.25 0.5
0.04206985936467661 0.2553488414130016
0.037233374929038505 -0.19641520915457023
0.24116239447742174 -0.3718111692757508
0.31952239165155805 -0.0484140696183199
-0.35213821881819307 0.3522665417741653
-0.160146045031377 0.3287035419766633
-0.12499999999999999 0.45635426095427134
0.12499999999999999 0.39555210382218253
0.5 -0.25
0.2023464860280472 -0.4919124436411155
0.3705804599460456 0.3705804599460456
0.3847213604097851 0.06913627726818611
88
19 6 5
4 19 5
42 2 1
7 6 29
14 25 17
22 19 4
3 22 4
17 29 19
28 34 45
19 22 21
14 15 25
21 49 48
22 3 44
31 10 27
32 30 27
25 15 30
53 11 33
13 14 18
39 46 33
0 9 41
41 9 45
19 20 14
49 16 48
29 30 28
40 55 35
44 3 2
19 29 6
33 11 52
34 28 32
7 45 8
19 21 20
17 19 14
48 18 21
28 45 29
18 14 20
20 21 18
52 39 33
0 42 1
23 32 27
30 29 17
25 30 17
8 45 9
31 15 10
27 30 31
15 31 30
34 32 23
30 32 28
37 39 52
51 26 54
34 23 53
37 35 47
46 34 53
29 45 7
42 47 55
35 55 47
54 26 36
52 35 37
54 43 51
49 44 50
46 39 38
41 39 47
12 54 40
40 36 55
38 45 34
54 36 40
42 26 44
26 51 44
34 46 38
51 24 44
2 42 44
50 44 24
47 42 41
53 33 46
42 55 36
49 21 22
48 13 18
38 39 41
13 48 16
22 44 49
41 42 0
24 16 50
16 49 50
43 24 51
42 36 26
41 45 38
37 47 39
23 11 53
54 12 43
0
9
10 -3.75 0.0
11 -2.5 0.0
12 -2.5 0.0
13 -1.25 0.0
14 1.25 0.0
15 1.25 0.0
35 2.5 0.0
40 2.5 0.0
52 2.5 0.0
0
