0.3 2000
907
0.05 0.0
0.04938441702975689 0.007821723252011544
0.04755282581475768 0.01545084971874737
0.0445503262094184 0.02269952498697734
0.04045084971874738 0.029389262614623657
0.03535533905932738 0.03535533905932738
0.029389262614623657 0.04045084971874738
0.022699524986977342 0.044550326209418394
0.015450849718747373 0.04755282581475768
0.007821723252011546 0.04938441702975689
3.061616997868383e-18 0.05
-0.007821723252011541 0.04938441702975689
-0.015450849718747368 0.047552825814757685
-0.02269952498697734 0.0445503262094184
-0.029389262614623653 0.04045084971874738
-0.035355339059327376 0.03535533905932738
-0.04045084971874737 0.029389262614623664
-0.044550326209418394 0.022699524986977346
-0.04755282581475768 0.015450849718747377
-0.049384417029756884 0.00782172325201155
-0.05 6.123233995736766e-18
-0.04938441702975689 -0.007821723252011538
-0.047552825814757685 -0.015450849718747365
-0.0445503262094184 -0.022699524986977332
-0.04045084971874738 -0.029389262614623653
-0.03535533905932738 -0.035355339059327376
-0.029389262614623664 -0.04045084971874737
-0.022699524986977346 -0.044550326209418394
-0.015450849718747378 -0.04755282581475768
-0.007821723252011551 -0.049384417029756884
-9.184850993605149e-18 -0.05
0.007821723252011534 -0.04938441702975689
0.015450849718747363 -0.047552825814757685
0.022699524986977332 -0.0445503262094184
0.029389262614623646 -0.04045084971874738
0.03535533905932737 -0.03535533905932738
0.04045084971874737 -0.02938926261462367
0.044550326209418394 -0.02269952498697735
0.04755282581475768 -0.015450849718747384
0.049384417029756884 -0.007821723252011555
-0.5 -0.5
-0.475 -0.5
-0.45 -0.5
-0.425 -0.5
-0.4 -0.5
-0.375 -0.5
-0.35 -0.5
-0.325 -0.5
-0.3 -0.5
-0.275 -0.5
-0.25 -0.5
-0.22499999999999998 -0.5
-0.2 -0.5
-0.175 -0.5
-0.15000000000000002 -0.5
-0.125 -0.5
-0.09999999999999998 -0.5
-0.07500000000000001 -0.5
-0.04999999999999999 -0.5
-0.025000000000000022 -0.5
0.0 -0.5
0.025000000000000022 -0.5
0.050000000000000044 -0.5
0.07499999999999996 -0.5
0.09999999999999998 -0.5
0.125 -0.5
0.15000000000000002 -0.5
0.17500000000000004 -0.5
0.19999999999999996 -0.5
0.22499999999999998 -0.5
0.25 -0.5
0.275 -0.5
0.30000000000000004 -0.5
0.32499999999999996 -0.5
0.35 -0.5
0.375 -0.5
0.4 -0.5
0.42500000000000004 -0.5
0.44999999999999996 -0.5
0.475 -0.5
0.5 -0.5
0.5 -0.475
0.5 -0.45
0.5 -0.425
0.5 -0.4
0.5 -0.375
0.5 -0.35
0.5 -0.325
0.5 -0.3
0.5 -0.275
0.5 -0.25
0.5 -0.22499999999999998
0.5 -0.2
0.5 -0.175
0.5 -0.15000000000000002
0.5 -0.125
0.5 -0.09999999999999998
0.5 -0.07500000000000001
0.5 -0.04999999999999999
0.5 -0.025000000000000022
0.5 0.0
0.5 0.025000000000000022
0.5 0.050000000000000044
0.5 0.07499999999999996
0.5 0.09999999999999998
0.5 0.125
0.5 0.15000000000000002
0.5 0.17500000000000004
0.5 0.19999999999999996
0.5 0.22499999999999998
0.5 0.25
0.5 0.275
0.5 0.30000000000000004
0.5 0.32499999999999996
0.5 0.35
0.5 0.375
0.5 0.4
0.5 0.42500000000000004
0.5 0.44999999999999996
0.5 0.475
0.5 0.5
0.475 0.5
0.45 0.5
0.425 0.5
0.4 0.5
0.375 0.5
0.35 0.5
0.325 0.5
0.3 0.5
0.275 0.5
0.25 0.5
0.22499999999999998 0.5
0.2 0.5
0.175 0.5
0.15000000000000002 0.5
0.125 0.5
0.09999999999999998 0.5
0.07500000000000001 0.5
0.04999999999999999 0.5
0.025000000000000022 0.5
0.0 0.5
-0.025000000000000022 0.5
-0.050000000000000044 0.5
-0.07499999999999996 0.5
-0.09999999999999998 0.5
-0.125 0.5
-0.15000000000000002 0.5
-0.17500000000000004 0.5
-0.19999999999999996 0.5
-0.22499999999999998 0.5
-0.25 0.5
-0.275 0.5
-0.30000000000000004 0.5
-0.32499999999999996 0.5
-0.35 0.5
-0.375 0.5
-0.4 0.5
-0.42500000000000004 0.5
-0.44999999999999996 0.5
-0.475 0.5
-0.5 0.5
-0.5 0.475
-0.5 0.45
-0.5 0.425
-0.5 0.4
-0.5 0.375
-0.5 0.35
-0.5 0.325
-0.5 0.3
-0.5 0.275
-0.5 0.25
-0.5 0.22499999999999998
-0.5 0.2
-0.5 0.175
-0.5 0.15000000000000002
-0.5 0.125
-0.5 0.09999999999999998
-0.5 0.07500000000000001
-0.5 0.04999999999999999
-0.5 0.025000000000000022
-0.5 0.0
-0.5 -0.025000000000000022
-0.5 -0.050000000000000044
-0.5 -0.07499999999999996
-0.5 -0.09999999999999998
-0.5 -0.125
-0.5 -0.15000000000000002
-0.5 -0.17500000000000004
-0.5 -0.19999999999999996
-0.5 -0.22499999999999998
-0.5 -0.25
-0.5 -0.275
-0.5 -0.30000000000000004
-0.5 -0.32499999999999996
-0.5 -0.35
-0.5 -0.375
-0.5 -0.4
-0.5 -0.42500000000000004
-0.5 -0.44999999999999996
-0.5 -0.475
-0.23749947893686452 -0.20284371776761337
-0.02160316744258928 -0.2744942684754117
-0.26411958753434067 0.10940191524511172
-0.06509990500408787 0.27116061934643876
0.23749947893686438 -0.20284371776761373
0.2530651318080299 0.15507851222269653
-0.13767899538483944 -0.11758897075220508
0.15667412378046408 -0.09601002653380161
-0.3875 -0.3875
-0.33749999999999997 0.3374999999999999
-0.41250000000000003 0.4125
0.3375 -0.3375
0.41250000000000003 -0.4125
0.3374999999999999 0.33749999999999997
0.4125 0.41250000000000003
-0.33153055788795877 -0.0625
-0.3688697510653489 -0.21249999999999997
-0.2375 -0.35168476767805235
-0.012500000000000013 -0.38740984039602844
-0.3764146522804328 0.1625
0.11249999999999999 0.3170049705689431
0.07400595522582486 0.17866618080256239
-0.012500000000000013 0.37987652739810673
-0.16250000000000003 0.36519367762028143
0.3685989213393643 -0.1875
0.16250000000000003 -0.3422201825811594
0.3199866678636819 -0.012500000000000011
0.3731780787163036 0.11249999999999999
-0.4333333333333333 -0.33749999999999997
-0.44166666666666665 -0.41250000000000003
-0.3875 -0.4444444444444444
-0.3125 0.41730769230769227
-0.4173076923076923 0.3125
-0.41250000000000003 0.45714285714285713
-0.4571428571428572 0.4125
0.4173076923076923 -0.3125
0.2625 -0.40192307692307694
0.41250000000000003 -0.45714285714285713
0.4571428571428572 -0.4125
0.33749999999999997 -0.42499999999999993
0.3125 0.4173076923076923
0.3884615384615384 0.2375
0.45714285714285713 0.41250000000000003
0.4125 0.4571428571428572
0.42499999999999993 0.33749999999999997
-0.41622901289489994 -0.0625
-0.43503065721260503 -0.21249999999999997
-0.2375 -0.4263691335111732
-0.012500000000000011 -0.4443988085473584
-0.11249999999999999 -0.39998995418932953
-0.4363108634581529 0.1875
-0.42872501272989894 0.11249999999999999
0.11249999999999999 0.4089294094487119
-0.01250000000000001 0.44058863617254085
-0.11249999999999999 0.42390381181175485
-0.1875 0.43085823341046353
0.4325157995126432 -0.2125
0.4134900805042273 -0.11249999999999999
0.16250000000000003 -0.4216052433403036
0.4104273295646802 -0.012500000000000011
0.437205060620164 0.11249999999999999
-0.4375 -0.45704365079365084
-0.3125 0.4595986135957066
-0.4558195438282648 0.3375
-0.4558195438282648 0.2875
0.4558195438282648 -0.3375
0.4558195438282648 -0.2875
0.2625 -0.45175810708898945
0.3375 0.4558195438282648
0.2875 0.4558195438282648
0.44493120026525196 0.2375
-0.459047108565436 -0.0625
-0.42547343231793755 -0.1375
-0.42547343231793755 0.012500000000000013
-0.11249999999999999 -0.4507761486196524
0.11249999999999999 0.4553225557553757
0.1875 0.4244399186386647
0.4540358133638439 -0.1375
0.4540358133638439 -0.0875
0.4560858616211785 -0.012500000000000013
-0.46814112256082047 -0.46814112256082047
-0.36201087268452864 0.4384531529516994
-0.2545229289940828 0.4384531529516994
-0.437638060730168 -0.09793087236796566
-0.437638060730168 -0.027069127632034326
-0.3327399584118281 0.43845315295169945
-0.2873675622447322 0.4384531529516994
-0.2709452456194075 0.4671691887914998
-0.4690264609570917 -0.09271363528914295
-0.46203841472751495 0.002086639288501845
-0.4690264609570917 -0.032286364710857066
-0.45497281539075135 0.046679783362116575
0.3776785714285714 -0.4348214285714286
0.34987244897959174 -0.46147959183673465
0.3062625995384737 -0.4559324239612982
0.29884793468754994 -0.4172057507270011
0.2826224598217394 -0.47228454807822673
0.3262103618370033 -0.38125
0.37244674753586765 -0.3883383547273821
0.4348214285714286 0.3776785714285714
0.46147959183673465 0.34987244897959174
0.4560633237670067 0.30587664753401345
-0.4078895000797115 -0.46904083470428715
-0.4170557420359098 -0.43266456741354753
-0.41230167395740164 0.3623748955674786
-0.4726048244258368 0.3125
-0.40162023620238885 0.24617062663862985
0.43482142857142864 -0.3753821688608667
0.46744497401535723 -0.38103405193591844
0.40364298356382816 -0.38190308725339495
0.41275002651364584 -0.3476494049269638
0.37746785481762124 -0.3252043353497435
0.37736841452340514 -0.25607296759690207
0.365061741021748 -0.3559843419356227
0.38838586941911996 -0.2906228752084269
0.42081475814465624 -0.26125017631631053
0.3384792761658733 -0.2875057446153005
0.4591283858114097 -0.24662279451851257
0.40238226879560995 -0.2310466681111743
0.4726048244258368 -0.3125
0.215467368411288 -0.4268405920060332
0.3623748955674786 0.41230167395740164
0.3858689307265169 0.3683550550287562
0.3125 0.4726048244258368
-0.06391605183231061 -0.42538305140449095
-0.17242465188696993 -0.42538305140449095
0.051865858002414514 0.4321259826020438
0.14680663048794185 0.4321259826020438
0.1733153254815034 0.4609073160598988
0.21697504853816996 0.45689718421195696
0.24872089671732514 0.3984561334988571
0.2226462778954566 0.4221349814182353
0.25749519668864673 0.43431401487971066
0.28004540098502967 0.4097935964498707
0.25644419306185406 0.46746470637685755
0.28286614391584 0.3530578264063372
0.4109879636783429 -0.1619371354787023
0.44147029313201863 -0.1125
0.4106653330815124 -0.06253961276164055
0.43325659559292934 0.047977659954730884
-0.3920590126495389 0.4348214285714285
-0.46251968937253995 -0.12995605908099142
-0.4518407964260861 -0.1722489526024329
-0.46671633884743025 -0.20209721283777674
-0.401112418882517 0.06334498181689867
0.3817956003539627 -0.4681113288811459
0.2795208996286093 -0.34587019773066574
0.4681113288811459 0.3817956003539627
0.4059991222007842 0.28776733256864834
-0.43482142857142864 0.3873487379994178
-0.4276527094850951 0.3387270235302961
-0.38021227069681657 0.3339653552717901
-0.3777050668878538 0.2868465603453684
-0.3629151574139476 0.38478146826653736
-0.35685754829547933 0.3115819644016721
-0.2800337365465568 0.22568017514526229
-0.2974549650091741 0.2874034825943041
-0.32400555901344225 0.3072334733264892
-0.3605008950435118 0.3556077787366652
-0.4213276866933315 0.27652944292487847
-0.450853474757805 0.23578679141957196
0.3227052688545321 -0.22821636562303266
0.2455842351097355 -0.4268405920060332
0.3873487379994178 0.43482142857142864
0.3387270235302961 0.4276527094850951
0.3339653552717901 0.38021227069681657
0.31352607987528763 0.35701843315123016
0.35679087773727064 0.360598802145551
0.3789214235817761 0.32251180694906256
0.33827413947689045 0.27490912137542717
0.4064920568788567 0.31607507604231794
0.3708197560588734 0.288274286769345
0.34440633307632407 0.30628519255007114
0.2913622509757728 0.30036494082161663
0.3874964899514207 0.39747846580554996
-0.09484405911742019 -0.42538305140449095
-0.13708215796691597 -0.42538305140449095
-0.15475340492694295 -0.4607504244097423
-0.1957855296631714 -0.45915366426330695
-0.20493224669019097 -0.42786113798884945
-0.19242580482536556 -0.37746420160999583
-0.15183656861115308 -0.38650472226469396
-0.10383526198067136 -0.3105996030694955
-0.11880406789117384 -0.35426377317915614
0.086620041396393 0.4321259826020438
0.0797067966650056 0.46587411919021093
0.1419363864686635 0.4686916624632363
0.4258057542057712 -0.13790520842690768
0.3657603186915273 -0.13486618334863487
0.40232072472864827 -0.19549165034771035
0.44756158161582005 -0.17622973254912772
0.4660554938695403 -0.20515726404453047
0.4255965240279946 -0.08675545593732026
0.44687857786126806 -0.049776346305358814
0.36520699871418105 -0.03773545394514391
0.43325659559292934 0.013430004307037884
0.4646367045516165 0.030703832130884377
0.4643017520622196 0.06723524507510051
-0.42440158795241567 0.04324490942726708
-0.43605612337799554 0.07727984114564422
-0.46350607766964425 0.1013666444515498
-0.4578571358120089 0.14361453875595015
0.31025976279659334 -0.3538023267068579
0.29157513456992284 -0.38301898175720084
0.3042019902249444 -0.31184104750410735
0.29784182594567254 -0.2665743490065247
-0.39392949751184403 0.3875105318740255
-0.34054016817141924 0.237627326364801
-0.3297637236416013 0.2718343655840092
-0.3074533045150577 0.24600478024876649
-0.47048034702310987 0.2599970565125595
-0.4659667134514039 0.20490180617906578
-0.4214552259900365 0.21830740306156296
-0.4004406424383 0.1891884910589432
-0.41664637025269513 0.15160532459290255
-0.3604682739973521 0.20101433205599292
-0.3100412355070876 0.15757728098466037
-0.37255917152940304 0.23132512972586386
-0.34241632362076024 0.17098178197037492
-0.3118398727070274 0.1990321961121736
0.34382129831954206 -0.2543414576232027
0.3622489863674584 -0.22315929469036222
0.39769682450016003 0.34311447871750994
-0.2329161944782271 -0.4634674295272885
-0.2289480823588583 -0.3890269505946128
-0.30821698086043725 -0.38753036243872707
-0.3125 -0.44437826111381507
-0.26839622784256795 -0.378410815223772
-0.27162760599365154 -0.44941821718357483
-0.2707825186222003 -0.41387944795105386
-0.294866968772735 -0.46963099603630276
-0.1794676426156461 -0.3025125994959754
-0.16363643406532352 -0.34384556096241736
-0.0660479256041725 -0.37028816297149697
0.3811756275103982 -0.1604282707918138
0.3736959776442177 -0.08968989945825652
0.394780060760404 -0.0375947955271017
0.36520699871418105 0.015398253573561713
0.39970295639368836 0.030703832130884384
0.39794990962469023 0.07533418402789976
0.46731496970111047 0.09978181676894131
-0.4702779914950106 0.07230077459534927
0.27703013623251305 -0.22584715319263973
-0.4684370534511905 0.17339476248051444
-0.3007432898358216 -0.41667873764136615
-0.20194220334298152 -0.3348190165648459
-0.25044222986093184 -0.27710843791609807
-0.23421111793082136 -0.31270281972924924
-0.3027077655998821 -0.32008752328806
-0.21179537991329542 -0.28098329544422773
-0.294785314878106 -0.35468112163806764
-0.26734516796144436 -0.3301929391918587
-0.3490000421170968 -0.34889312499345637
-0.2772181134737621 -0.2978159074477132
-0.3043466458542189 -0.23507216937543657
-0.3171447794355181 -0.2778423585914246
-0.2827654922712303 -0.2629777739538462
-0.25278779568486137 -0.23843947372151184
-0.20820753963384991 -0.23650558698701524
-0.1354361560610568 -0.32416415266017146
-0.09611890733876222 -0.37443391724664465
0.3162034342779415 -0.07241302184385266
0.3503812200897834 -0.011168600185791102
0.4302384810245244 0.08054433823765716
0.40519156966823383 0.10699930126065446
0.4101654651565293 0.17395968284457808
0.45522146357489707 0.16250000000000003
0.41602470373269834 0.13985952756763095
0.46816486131681173 0.13247073986836766
0.3437373842623801 0.06603873979661343
0.37142677329923235 0.047906585935837194
0.3032087937572674 -0.16262015058272639
-0.3445037893838966 -0.24635582689667743
-0.401950204138977 -0.2620039039770574
-0.4517706360497792 -0.2625
-0.37615308158910166 -0.24343777350089765
-0.401950204138977 -0.22103844549405427
-0.396350955169311 -0.17438065269154232
-0.3633673402489008 -0.29037612868712587
-0.46882479678960864 -0.23466934804440995
-0.42452466812903256 -0.18447660656087056
-0.1734924473970015 -0.17672156443849324
0.33727881819456745 -0.10657799718253742
0.2866911196173114 -0.11420119880435346
0.3311509418549653 -0.14122991091143994
0.3355673070220774 -0.17594460965808945
0.339793444747109 -0.20470279781748116
0.3324161726401233 -0.04336082431556048
0.4404376256669944 0.1986775356625531
0.41669636936339516 0.22109679976805874
0.47043006052235153 0.18982439866135564
0.3687787367677055 0.08272935007259632
0.27307481783587056 -0.1871764459125845
0.3061548460737923 -0.19700279384414715
0.2318186187298866 -0.14172059380950247
0.24486029081250316 -0.1713340394969122
-0.426523772556892 -0.29605977334493044
-0.46329325921905623 -0.2974448529874432
-0.3922682273248216 -0.3229683247403002
-0.3943160407059914 -0.29204252028364047
-0.403595534361606 -0.3562472953870277
-0.43628121335857756 -0.3751354207379358
-0.3616783982776752 -0.3209837065941953
-0.4647499703326877 -0.35397238044788754
-0.4679626169613816 -0.38802383266004564
-0.42705238989156946 -0.24297338943691946
-0.31661260894843846 -0.14586087900554945
-0.2010424502386514 -0.20069507006219037
0.23035789103088303 -0.04310122725365971
0.4699646863929967 0.22023221456947806
0.2709890985729374 -0.14658469812672312
-0.33240415465816303 -0.306646612860967
-0.4709052490973138 -0.32553122585928695
-0.36963487866308453 -0.12334606411175848
-0.3986528958876955 -0.09730396813103491
-0.36207031753738345 -0.08572902249092056
-0.3331494059604987 -0.11111395881109976
-0.3523636293402269 -0.17163469617932
-0.32985823867704306 -0.20449115747054816
-0.3463748020780176 -0.14225969655462894
-0.3756237059252939 -0.15272106373644956
-0.2838857042462958 -0.19207126921212442
0.2689731051914762 -0.07037268137984107
-0.2775673429194914 -0.2214460820773721
-0.3124561454772762 -0.17761125022587518
0.29193188572428647 -0.086586998552593
0.29390430288357705 -0.04092897570187592
0.22440131677732228 -0.09250995594273909
0.25200906406984813 -0.11351306971367313
0.24071318337053296 -0.06941304959731807
0.18893103974561892 -0.06317034326396281
0.19200012929347915 -0.12255795123488357
0.19440742148797416 -0.09266043723225789
0.09593116494500895 -0.21361490976186187
0.19062087905758823 -0.17637511881248422
0.2034212610525666 -0.1497769148714412
0.1595107532508238 0.0503506780228402
0.12161658797621291 -0.029312528850624762
0.18558184728702254 -0.0034655107384020598
0.1498432271941141 -0.05703826304084536
0.17346802723704374 -0.034091399731363395
-0.45648809523809525 0.45648809523809525
0.45648809523809525 -0.45648809523809525
0.45648809523809525 0.45648809523809525
0.06702226868470797 -0.41590432447169345
0.03750000000000003 -0.45369918285374217
0.08749999999999997 -0.45638794696455887
0.023448974895361054 -0.4122960386264954
-0.005637316133967133 -0.41590432447169345
0.00882421414136372 -0.46881048990252694
0.061586320844333936 -0.47203425501823076
0.11485823973249559 -0.41712848425801485
0.13059753293046017 -0.4572586489253207
0.14219857861407476 -0.3819127129607315
0.17017769294101615 -0.4605749768310949
0.18773313198422556 -0.4368750760027598
0.21334459448432327 -0.4643179406955536
0.0685788662182484 -0.3192206366689654
0.03333334796280577 -0.3596098510331866
0.016625076203318413 -0.38374552802427236
0.24150467714358237 -0.4720583797569794
0.11281499248564628 -0.34184595763609704
0.13817534249760155 -0.2732797830832036
0.07529218342359553 -0.3606520427382273
0.05367861279124386 -0.3856620628421017
0.10694063024982159 -0.3769618492352935
0.10611229437079245 -0.3003937895441178
0.13784958446391066 -0.31652994736366485
0.0972866875273877 -0.25744255474894084
0.03375478012337054 -0.23747271565850664
0.06900193225154794 -0.23638257470549925
0.05263997472821326 -0.2777191231197966
0.08195481736079435 -0.2829753017534579
0.21849213808403095 -0.28144121171884623
0.1792533699731616 -0.3014734510537086
0.2585026463510932 -0.30466073310795755
0.21735415817466638 -0.3409564306330383
0.20886276756557384 -0.31102557925159285
0.015763281611410076 -0.27046907431014233
0.00214025388257404 -0.31945619686865284
0.25597140659277084 -0.2622892202474825
0.2212040817785563 -0.24050001205825686
0.20251436705023043 -0.210058233864388
0.14916002051561256 -0.209956272740976
0.17592079347838205 -0.24734350493336416
0.12411907374811697 -0.2346778851198099
0.1897855375182872 -0.2736574651076864
0.283967912291965 -0.2916038574289184
0.19085256141046783 -0.38175960273571363
0.24906795069053053 -0.3354375050768691
0.23910233916141158 -0.37205047423766047
0.03538255856646723 -0.3258250367265469
-0.05116748501703429 -0.31885670243170083
0.19017411259213912 -0.3523109923107396
0.21877445971078657 -0.3957743799423939
-0.02435098882008995 -0.30469549114868116
-0.058827062462379544 0.4102325817853238
-0.0625 0.45591145428648555
-0.08202463545538491 0.43135441868955315
-0.10562858629453255 0.4618498288964597
-0.1479108650970302 0.4499113100690668
-0.1796163967443358 0.46513378087996965
-0.21858678074925575 0.45605281342424087
-0.04168371214569638 0.43459814348864173
-0.031571064299491775 0.46759679873274945
-0.46749482540117 -0.4343297036834288
-0.3802398914122777 0.46675008355717157
0.46338097892676866 0.26959077828937067
0.43095404944402976 0.2668848133692905
-0.07583971814666376 -0.461743559493006
-0.0444940195282412 -0.4518874119433971
0.016248118588041198 0.4102325817853238
0.05035331606706127 0.34914320507989083
0.0715618072637563 0.3892906421783019
0.02373769715568175 0.3743490160525005
0.09171494842100045 0.3529688686252284
0.19960035222127137 0.32597137709165597
0.20426402057589238 0.37569703185310266
0.1550157117608534 0.3830179156004028
0.13108389244268182 0.35173361225503863
0.15664403971513857 0.31571933778739103
0.11217934310717152 0.3772082117436731
0.17122587041237333 0.3497411416760407
0.13226016943846206 0.23698146462129083
0.13350546308397399 0.279740402424761
0.19902284501950257 0.256434698640737
0.18516865834049767 0.29132049601990434
0.16249742172157444 0.25749844998417776
0.23867187249235006 0.34738846379352434
0.18200935935876575 0.39529728870040726
0.2409415842691629 0.29689986306580507
0.2142009427350444 0.28265622549590574
0.2582238187572262 0.3700636105845179
0.2644731176024273 0.32306077620906354
0.22740939591774012 0.32158684215145933
0.27100320943476175 0.2280408063715963
0.2447310374661011 0.25756272272932573
0.2817393734810074 0.2640461800715405
-0.3517921246923069 0.008456026693704972
-0.39030371856605434 -0.019966561661067764
-0.3662282733416535 -0.0485722642202331
-0.33688647938941996 -0.02565851989928805
-0.21668709663244146 -0.02699429188416736
-0.27689147491855975 -0.03574665262709238
-0.30851005579405155 -0.0403432822058661
-0.2677117702744036 -0.10127936520772429
-0.2879526768407751 -0.07070538047772647
-0.3011473173667148 -0.10142767313296423
-0.3882448563502258 0.017545965943183053
-0.24996789727544746 -0.15127689820919576
-0.21091108011086712 -0.16153740117596008
-0.1778203043048296 -0.1336889689171234
-0.17863758438399124 -0.07356014197095462
-0.16664242292845557 -0.10346706969849939
-0.2566827963625009 -0.18019129221885147
-0.37605127122423604 0.10975609001586611
-0.3404101974036947 0.13002800263443082
-0.3908369170839861 0.1360274305348183
-0.328483900437121 0.06759263471654338
-0.30251966644883876 0.11877261529831759
-0.3450841836822067 0.09677843142514653
-0.36484247142649806 0.06622647327363955
-0.3456596065678612 0.0402006231164465
-0.29774393097164126 0.014479479005487312
-0.29140419272873647 0.08095762068452374
-0.30057840135703545 0.04829115822173671
-0.2352121478491711 0.03674623539713162
-0.265503272660107 0.05606198399919062
-0.46546611014927336 0.37091044408582
-0.32181080561854203 0.3764048214078472
-0.2681257458603815 0.3856955340196905
-0.2816775595186288 0.33621746278735126
-0.2969059642844068 0.39224683502888924
-0.30931557560478606 0.34874994398775294
-0.20607053216980126 0.2848234090419719
-0.2209910411990476 0.3461906325780291
-0.2513856524818837 0.299469930902904
-0.2536225938490851 0.35512826312583345
-0.27827705286315324 0.30816163205790076
-0.266408056464376 0.262846184587675
-0.22182985996200283 0.31348922709802446
-0.17554474413301707 0.3202701095841456
-0.1894632773451317 0.3486674501678093
-0.19621834135019128 0.3899476470981229
-0.23195395954990675 0.38413357518910174
-0.22240868454271534 0.4195613107089452
-0.1376427668718712 0.25676253773928487
-0.10737591052388809 0.3248312157913481
-0.1671793820033954 0.28219871202456825
-0.13085740289005415 0.2945088580600763
-0.102557634849651 0.26993859134438153
-0.0847621084704304 0.2991583957825388
-0.026166138839328577 0.3194059684149343
-0.0525578971214556 0.3008716350773546
0.011783871903651932 0.3350715455942625
-0.016140980323682722 0.34891984672375104
-0.06497206258550153 0.34904700493997304
0.0248247096051466 0.24968007055105151
-0.014357462293570149 0.27453384214932064
0.08049928970410361 0.259886529716526
0.1110538910785448 0.2589966701248863
0.047048402119215266 0.2983078278714541
0.07623786166361694 0.3200357808113464
0.09206302628588627 0.29093137375763845
-0.14229127998936744 0.3349698152147191
-0.11195167104816459 0.3742633633070401
0.011339659675363505 0.2993503499983336
0.050347622467008274 0.2674078524905004
-0.09419207835517918 0.3509794517056441
-0.14243302959618528 0.39874991855433456
-0.15925343113960347 0.42282291388483423
0.37091044408582 0.46546611014927336
-0.347868299283075 -0.41312825781504475
-0.3406033249432562 -0.38087272167989056
-0.37780962104705257 -0.41597222222222224
-0.3499940325190676 -0.4511737968217081
-0.32716506490949254 -0.4702979938633227
-0.04509883123093394 -0.3970662366863994
0.32585504153662276 0.02858592802322129
0.26773598743448673 0.07933112978264552
0.3038807519594805 0.06207333159946807
0.311476992303703 0.12446264148930053
0.33838378054121215 0.10120128757597462
0.2592173570253366 0.015009964429959152
0.2971923129639741 0.09454478258463214
0.2739987987097983 0.12398796865381115
0.2739129209755926 0.04578838082503331
0.2857453766781951 -0.007264298072354888
0.25371392906604706 -0.018478656948497256
0.22289898234451716 0.003781906467744369
0.19738167774141477 0.03547400906296776
0.23499477138875707 0.04547286421109538
0.20565730544672614 0.10660207338756215
0.19002027662462181 0.07237595506973879
0.23803010279874315 0.12236250513305988
0.23164640711269704 0.08147040234310743
0.14324079817302426 0.009245619522187568
0.09862661768947664 0.05067700073676404
0.14869843073637112 -0.019157861356236677
0.10044806837543754 0.00790194368618688
0.0763733149271826 0.028303099830204712
0.08387932256711791 -0.02615059899840737
0.09578859386141639 -0.08659739139486747
0.12782708906919382 -0.08098174488746342
0.10052454322992699 -0.05426772830969983
0.06203998890950908 -0.06514186776959625
0.03255596712261298 -0.1487892562063319
0.0500167424152501 -0.19290305585116632
0.056976382851300335 -0.11037700500319245
0.12900511329786918 0.03865276875879883
0.028208989075451225 -0.08425581481583963
0.09469194067575108 -0.15511414576235938
0.1239094158310504 -0.12370210383695247
0.08963186392414459 -0.12111344993057567
0.06461522947519499 -0.14221336920330846
0.13824354854662574 -0.16632893420528003
0.08136390566119844 -0.18465998138809162
0.12130569717706144 -0.19374657263607642
0.16209443870789453 -0.18354037696802603
0.15816943443046286 -0.13590496658893852
-0.07104941039179355 -0.27357440868211746
-0.07559630173560729 -0.30257668280637057
-0.04476291377297523 -0.18999650176363353
-0.13554944815122316 -0.24948810371335375
-0.1327534187420582 -0.2868219722295118
-0.1624433259383654 -0.2172358370301189
-0.10495645201723519 -0.2659685507435873
-0.07806021928456812 -0.22544670403809908
-0.11651579320234547 -0.18294659812864
-0.1462295452281293 -0.1910501832141721
-0.14023016161957289 -0.1545202553652711
0.0023414186197082063 -0.20075949182486788
-0.00656741097904542 -0.23862170738279467
-0.044485038251062564 -0.24381612592650279
-0.028868005397636225 -0.2168249643628707
-0.08092629579537149 -0.18939200643382348
-0.061609311443419315 -0.11579395613373396
-0.09912231305504726 -0.1388061753649618
-0.062263934614813 -0.15495619058021212
-0.014772408015994307 -0.15312699370714838
0.023084234535598644 -0.17805077530440938
-0.018095842749651994 -0.09605008730801326
-0.017962948546911446 -0.18116397223692263
-0.054143800514143074 -0.07442562614273926
-0.10033421796970876 -0.08744769456112594
-0.13847624758539478 -0.0748111027314178
-0.10260964371559574 -0.030433937081393955
-0.11219587120716837 -0.05936880953859126
-0.030998021565254368 -0.12543655700818798
0.006353347248375076 -0.1232616872702101
-0.07128313762961466 -0.044614747437788864
-0.08115742520411791 -0.338048220407989
-0.03087936398709601 -0.35259495299003357
0.0016739158132390228 -0.35201136737555416
-0.24200653317736276 -0.06426932721884238
-0.2463999944944849 -0.03404826859357238
-0.23904356557224488 0.0010704498822534138
-0.2651627634134967 0.02191916459793612
-0.219184990031424 -0.10755175349045837
-0.22510078808911105 -0.13608527521292718
-0.20894067716375597 -0.0594928805075729
-0.2821510747709402 -0.13455117389374488
-0.4032556864388499 0.09447414127609503
-0.04676042290715749 0.37811933675170184
-0.07981916500749732 0.3840210829969123
0.058902311606482245 0.22074341010205337
0.09941638117242718 0.21153661164580556
0.1442173909027641 0.1506463168110709
0.11311569627373026 0.17468942448902697
0.14704385548705842 0.09976349717373856
0.12504670787324074 0.07303892947109233
0.09409421373138716 0.12093138213539303
0.15448312433237557 0.19606369540883634
0.1798000623841818 0.2240011643141858
0.11426511539746964 0.14403846434321835
0.20415610449181948 0.17648987493069163
0.2086290442380862 0.14162593059131456
0.17771761431598565 0.15537899118183415
0.227298048502332 0.2155977042100803
0.20089859218573497 0.20481850194938958
0.23648119389282368 0.18376260108179002
0.2950734730180307 0.022662016541714295
-0.11428629302682003 -0.21957729214025962
-0.15935473652431031 -0.018975616199176714
-0.15781040760367165 -0.050219423361801
0.01676547685648349 0.1263877603420066
-0.08044886295435538 0.1669483441088143
-0.0821940454916616 0.2204418613633798
-0.11048260320840765 0.23774087187642903
0.018137474901873528 0.18236150542997767
-0.03711216166442581 0.2334876258083662
0.04687624618450738 0.19267730251873588
-0.03896401794006613 0.26134457937055333
-0.06418073698226211 0.242610759885035
-0.05031825180241641 0.19470655702517484
-0.03248759221293686 0.14511998129098505
-0.013345441943172602 0.203755296724835
-0.012555894794055267 0.17105529873769645
0.01821993524754897 0.216344742047822
-0.006622592593295777 0.24341553556106446
0.17427018926150267 0.12101382232709673
-0.11728165722382022 0.043144432568583066
-0.1932469500550553 0.014380422111769667
-0.18909598010545153 -0.015298406824306828
-0.1526159081320231 0.02176805704693287
-0.1266901085016119 -0.003449081998906362
-0.08870206324813551 0.00621353027572584
-0.17820723774750383 0.1039606541395342
-0.1688736736566077 0.1832681508163269
-0.1454588739766071 0.2167010686291599
-0.18023603619664869 0.058248639105383526
-0.18967010355140396 0.2383899483987328
-0.12431618502651348 0.1769779953196464
-0.23457926002642954 0.23009651025586375
-0.18543620726487867 -0.0434944397716026
-0.07773992577302466 0.044220611581333745
-0.099183464471151 0.10514105704822785
-0.09826057779787273 0.07123170129800435
-0.04930756011618982 0.08953125720255897
-0.13843476504102614 0.08710554583671767
-0.052348575595738286 0.059863532781175136
-0.13561958441249114 0.13270850213160656
-0.22160434969914672 0.08298568340867347
-0.2055297000333514 0.04188694176134766
-0.09753475676428618 0.19316615691388742
-0.21599567603302364 0.255204751343592
-0.25193844297173856 0.17263842661572457
-0.27907258160317683 0.19222761328694216
-0.20594252580060715 0.20076671381596808
-0.2366961253136554 0.1993847436866304
-0.06564573151641884 0.12481388571643894
-0.14757312919167337 0.0556386100754642
-0.101718935336279 0.13965258718732157
-0.1494610369164339 0.1598204659627349
-0.2514417872706614 0.08238512922917707
-0.2196082120719265 0.13361923517958996
-0.18562518033037692 0.14963953827177792
-0.21486874269413764 0.16761901266934748
-0.25182867604807174 0.13982580984762158
-0.2827543955124935 0.14273504027788383
-0.2349861902101328 0.10886936161630555
-0.16453337606261337 0.12962295099722151
0.056600331785362785 0.14024790849903027
0.08487756078434427 0.1505887401750357
0.029458801988036347 0.15408031582848916
0.05250460873327188 0.0878453551329043
0.04307603361046352 0.11494361685045906
0.06007593567433046 0.056325221017119724
-0.017555924005455963 0.11026293078677867
-0.01965805836742701 0.07880198120696111
0.016239367465886008 0.08479118145318616
0.08848783977012428 0.08529629863790913
0.02277362318607249 0.4598647330783038
-0.003277457840310987 0.47161154119057147
0.05044585271291977 0.47039519934105534
0.3313088435152072 0.21319479363784777
0.30529232368270226 0.23741975419472194
0.3527948533001491 0.24202003480946346
0.2921780703355875 0.18414865859667373
0.29239554466304507 0.15125590433516795
0.33968230624941786 0.1647409949114701
0.34735407139954183 0.1328010890159849
0.38015585555882514 0.15124984210563122
0.2642342154290011 0.1977214836861998
0.32082796334265984 0.18643313535264486
0.3715432745540434 0.1951974176100695
-0.17516282629557584 -0.2613779750825463
1614
351 354 209
199 40 41
41 280 199
352 351 232
373 366 335
501 208 500
504 196 605
4 887 5
280 198 199
825 835 888
261 42 43
212 309 298
297 211 402
261 302 303
195 504 503
45 230 302
72 296 71
503 504 501
239 292 298
280 42 261
297 298 313
627 626 624
611 614 613
504 195 196
194 503 512
709 223 705
278 337 96
497 228 496
479 190 474
95 277 94
192 512 497
408 352 407
248 545 547
343 342 187
272 341 342
528 527 494
470 718 437
186 187 342
450 452 713
183 271 182
288 185 341
395 438 259
342 246 480
336 389 390
245 283 514
204 495 534
46 716 715
612 694 701
428 49 50
267 295 236
297 295 239
423 428 50
52 423 51
295 294 239
75 293 74
790 23 22
294 267 296
712 715 426
54 377 53
292 239 293
292 212 298
59 610 58
375 609 324
398 291 273
289 290 284
717 248 548
400 441 399
274 55 56
239 294 293
274 377 55
790 21 846
24 790 25
268 711 126
20 19 846
231 285 353
784 787 785
787 786 824
114 300 113
742 744 745
248 610 59
62 550 545
273 291 289
61 62 545
774 773 772
263 668 166
771 569 747
548 559 218
777 206 770
783 26 25
377 378 53
274 376 377
60 549 59
290 180 181
432 431 445
271 284 290
247 429 428
296 267 560
644 641 215
198 280 605
180 290 289
180 289 179
44 45 302
303 208 229
291 441 178
400 176 441
669 672 231
414 219 413
715 45 46
169 264 168
175 401 174
174 401 443
263 264 232
349 406 210
410 359 264
411 412 360
668 164 165
411 172 443
541 157 158
400 175 176
262 287 152
89 266 88
304 406 349
168 305 167
315 266 317
588 576 593
167 263 166
164 234 163
542 77 78
233 156 157
211 316 404
308 84 85
162 541 161
160 161 159
542 212 237
267 294 295
161 541 159
268 269 240
234 541 163
210 541 234
129 269 128
233 157 541
298 297 239
263 305 264
212 292 237
182 290 181
541 210 233
496 474 497
403 236 295
664 667 874
15 860 16
606 156 233
13 860 14
154 281 285
464 467 902
301 607 112
18 855 846
842 666 796
200 457 458
695 696 692
825 884 837
432 380 381
26 783 27
890 9 8
9 890 10
776 781 783
829 837 884
798 652 800
889 10 890
214 299 242
156 606 155
606 154 155
711 124 125
374 299 214
286 287 262
670 684 685
489 608 241
262 152 153
543 214 242
344 399 398
148 149 602
600 254 599
189 479 343
423 52 378
255 710 600
549 61 545
597 599 598
146 600 145
427 429 424
253 603 222
283 245 271
150 151 287
283 288 341
7 890 8
543 117 118
290 182 271
371 241 348
855 841 846
475 472 216
546 544 545
183 288 271
287 151 152
64 552 546
552 66 554
287 286 282
286 231 672
362 556 560
282 602 287
554 66 67
560 70 296
154 285 262
284 273 289
71 296 70
73 294 72
514 272 513
288 283 271
294 73 293
639 638 648
314 316 311
353 285 281
555 554 556
904 905 895
569 570 747
748 742 745
210 234 349
550 63 546
750 748 745
745 744 741
518 524 517
755 752 751
146 601 600
75 345 293
353 669 231
231 262 285
345 292 293
323 269 268
35 34 745
191 474 190
530 539 207
537 739 741
712 713 208
76 237 345
743 539 744
293 73 74
295 297 403
255 601 602
682 223 683
237 77 542
229 605 261
42 280 41
542 83 238
79 80 81
396 100 101
99 393 98
81 542 79
393 259 436
81 82 542
212 542 238
387 390 277
277 337 387
84 238 83
87 88 319
617 629 622
252 327 275
307 212 238
332 329 331
87 265 86
98 393 97
310 313 309
391 317 91
376 274 375
609 56 57
91 92 391
94 277 390
641 639 640
272 342 480
311 316 211
291 178 179
390 391 93
278 96 97
245 284 271
288 183 184
393 99 279
279 99 100
607 110 111
396 395 279
130 334 129
334 131 329
102 397 396
489 465 488
392 393 338
480 476 477
95 96 337
385 136 137
77 237 76
210 340 233
471 483 510
802 655 657
328 134 386
886 882 884
141 893 140
604 893 141
142 143 597
7 885 890
595 579 578
707 701 706
319 266 265
265 308 86
741 39 38
0 740 1
740 887 4
400 401 175
485 493 486
3 740 4
885 887 891
740 3 2
445 447 217
48 430 716
736 739 537
264 359 232
139 140 893
384 275 385
411 360 171
648 273 639
275 135 136
386 135 275
385 137 894
139 892 894
179 289 291
604 142 597
386 327 328
329 131 132
613 252 384
254 705 804
132 328 329
287 602 150
321 374 363
243 363 214
670 685 282
328 132 133
681 704 223
269 332 333
373 633 630
207 531 532
379 380 424
103 440 397
268 240 364
267 236 362
468 440 105
108 509 490
314 315 312
317 89 90
270 489 488
296 72 294
466 106 107
509 110 607
310 311 313
360 410 171
301 112 113
301 608 607
668 165 166
263 232 350
300 115 347
170 410 169
300 301 113
307 308 265
488 490 509
127 268 126
347 299 300
124 243 123
265 266 235
389 434 224
243 214 543
121 122 543
68 69 556
127 128 323
278 392 337
242 347 116
504 605 229
43 44 302
242 116 117
123 243 543
468 106 466
119 120 121
397 102 103
392 257 337
121 543 119
487 462 226
117 543 242
154 262 153
565 553 561
231 286 262
396 397 339
37 741 38
315 318 312
711 125 126
578 591 571
185 288 184
433 324 717
214 363 374
299 244 300
244 301 300
115 300 114
244 370 301
270 509 607
303 302 230
43 302 261
303 230 714
229 261 303
351 304 350
358 304 351
167 305 263
168 264 305
412 413 417
219 418 415
308 307 238
265 235 310
84 308 238
308 85 86
212 307 309
310 309 307
265 310 307
311 310 235
314 311 235
313 311 211
315 314 235
420 316 312
297 313 211
313 298 309
315 235 266
314 312 316
266 89 317
318 315 256
421 361 420
346 404 575
91 317 90
256 315 317
389 318 256
318 389 421
87 319 265
88 266 319
236 403 590
258 552 554
365 321 364
322 422 299
367 321 365
368 422 367
127 323 268
128 269 323
717 610 248
376 375 249
380 217 424
52 53 378
222 611 253
252 275 384
327 252 618
327 276 328
276 329 328
134 328 133
329 276 331
332 334 329
622 629 618
366 333 335
617 616 628
332 331 330
333 332 330
332 269 334
330 632 333
269 333 240
129 334 269
334 130 131
617 330 331
372 373 369
434 257 388
336 434 389
387 337 257
95 337 277
462 436 259
393 436 338
463 464 439
259 279 395
340 210 406
606 340 281
186 341 185
283 341 272
186 342 341
343 187 188
189 343 188
246 342 343
639 273 284
416 418 656
76 345 75
292 345 237
404 346 402
589 590 346
116 347 115
299 347 242
370 422 368
348 368 371
234 164 668
349 668 350
351 350 232
349 350 304
232 359 352
358 351 209
415 418 419
351 352 354
358 669 353
281 340 353
306 417 352
357 408 356
690 691 689
209 354 357
865 676 679
282 286 670
408 354 352
678 357 356
669 358 209
358 353 406
410 360 359
352 359 306
171 172 411
306 359 360
485 434 388
580 575 587
594 236 590
556 362 320
243 124 711
363 711 364
365 364 240
363 364 321
240 333 366
367 365 213
213 365 366
366 365 240
368 367 213
367 322 374
372 371 368
368 348 370
213 373 372
896 369 637
301 370 348
422 370 244
372 368 213
371 369 897
213 366 373
369 371 372
617 628 632
630 637 373
367 374 321
299 374 322
609 375 274
460 324 433
376 249 381
377 376 325
325 378 377
377 54 55
325 379 378
379 423 378
379 325 380
423 379 247
381 325 376
325 381 380
460 383 249
381 249 383
769 765 822
380 432 445
460 375 324
459 432 383
275 136 385
326 611 613
894 137 138
326 384 385
135 386 134
327 386 275
434 387 257
390 387 336
257 392 435
435 461 482
389 224 421
390 389 256
391 390 256
94 390 93
391 256 317
93 391 92
393 392 278
435 392 338
393 278 97
259 393 279
487 435 394
257 435 388
279 100 396
438 395 339
102 396 101
339 395 396
440 103 104
397 440 463
648 398 273
344 802 399
399 251 400
291 398 399
251 401 400
441 176 177
414 401 251
250 411 443
404 402 211
346 590 403
297 402 403
346 403 402
405 316 420
404 316 405
361 442 405
580 442 581
358 406 304
340 406 353
413 415 417
409 356 408
408 357 354
409 408 407
419 409 407
409 355 679
169 410 264
171 410 170
443 172 173
412 411 250
413 412 250
306 360 412
414 413 250
413 219 415
401 414 250
802 657 251
219 414 657
417 415 407
869 355 867
416 419 418
352 417 407
417 306 412
219 657 656
416 879 867
409 419 355
415 419 407
421 420 312
405 420 361
318 421 312
224 485 486
299 422 244
367 422 322
423 247 428
50 51 423
427 424 217
379 424 247
450 427 451
712 714 715
49 428 430
444 712 426
451 448 450
428 429 444
247 424 429
428 426 430
427 425 429
444 429 425
430 426 716
49 430 48
766 761 760
445 449 447
381 383 432
459 383 382
592 791 792
460 791 383
434 336 387
485 388 484
436 435 338
394 462 487
462 259 437
435 436 394
491 470 439
438 470 437
439 438 339
259 438 437
463 439 339
464 491 439
105 440 104
463 440 260
178 441 177
399 441 291
434 485 224
581 573 580
174 443 173
250 443 401
712 444 425
428 444 426
447 449 446
380 445 217
453 455 448
427 450 425
449 445 431
451 447 453
453 448 451
472 475 478
449 431 906
458 457 446
451 427 217
450 448 452
217 447 451
453 447 446
478 502 511
452 498 500
456 453 446
456 455 453
456 457 523
477 520 272
472 454 518
454 472 455
457 456 446
455 456 454
458 446 449
654 523 200
382 766 764
794 643 646
764 459 382
431 432 459
375 460 249
460 433 791
522 525 526
442 492 204
436 462 394
718 462 437
397 463 339
464 463 260
467 464 260
491 464 227
440 468 260
905 897 895
490 107 108
466 465 467
467 260 468
467 465 902
106 468 105
468 466 467
719 720 724
720 718 469
439 470 438
718 470 469
435 482 388
484 483 471
476 473 475
478 455 472
479 246 343
498 478 499
191 192 497
505 474 473
476 475 216
478 475 473
476 216 477
476 246 505
517 477 216
519 520 517
496 498 499
511 448 455
190 479 189
479 474 505
476 480 246
272 480 477
200 458 507
431 459 764
482 461 525
484 482 483
528 525 522
492 495 204
484 471 485
388 482 484
471 492 493
421 486 361
224 486 421
493 485 471
526 487 226
435 487 461
465 466 488
490 488 466
608 489 270
489 241 905
107 490 466
509 108 109
227 901 722
470 491 469
493 442 361
510 494 495
442 493 492
361 486 493
529 528 522
531 494 527
510 492 471
495 494 535
496 228 498
473 474 496
191 497 474
192 193 512
500 498 228
452 502 498
478 473 499
496 499 473
501 500 228
452 500 208
501 228 503
208 501 229
511 452 448
478 498 502
228 497 512
195 503 194
605 196 197
229 501 504
476 505 473
479 505 246
521 518 454
649 645 801
458 906 765
507 481 650
729 508 728
739 736 749
110 509 109
488 509 270
510 483 528
492 510 495
478 511 455
452 511 502
194 512 193
228 512 503
515 513 516
640 514 515
272 514 283
515 514 513
513 519 516
515 215 640
644 646 643
215 515 516
518 517 216
519 517 506
472 518 216
523 521 454
516 519 506
520 519 513
272 520 513
477 517 520
523 654 521
524 521 801
461 487 526
522 508 529
456 523 454
200 523 457
517 524 506
518 521 524
482 525 483
526 525 461
226 821 727
522 526 728
527 529 530
527 532 531
510 528 494
528 483 525
530 529 508
528 529 527
538 540 508
739 0 741
743 207 539
494 531 535
527 530 532
207 532 530
570 571 572
586 574 577
207 752 759
566 562 568
535 531 759
495 535 534
718 226 462
733 536 730
540 738 539
739 740 0
726 821 720
736 538 536
540 539 530
744 537 741
508 540 530
538 736 738
159 541 158
541 162 163
79 542 78
542 82 83
119 543 118
543 122 123
546 63 64
544 546 551
547 545 544
549 545 248
65 552 64
546 552 551
561 557 563
547 559 548
548 218 717
248 547 548
59 549 248
61 549 60
63 550 62
546 545 550
258 553 551
561 563 565
66 552 65
258 551 552
553 258 588
553 225 561
68 554 67
588 555 320
258 554 555
556 554 68
69 70 560
320 555 556
561 566 557
793 591 579
547 564 559
578 579 591
564 547 544
558 591 793
362 560 267
69 560 556
567 566 561
591 563 557
580 405 442
583 585 584
558 564 563
565 544 551
559 564 558
565 564 544
565 563 564
551 553 565
567 561 225
757 585 583
574 567 225
562 566 567
568 533 570
566 568 572
533 756 747
781 750 30
754 746 747
571 570 569
578 571 569
557 566 572
570 572 568
557 572 571
574 562 567
593 577 574
575 573 577
581 584 586
405 587 404
573 586 577
588 225 553
346 575 589
593 574 225
577 576 589
772 569 771
201 595 578
592 595 760
559 558 793
581 442 204
575 580 573
534 582 204
581 204 582
582 534 758
586 562 574
759 531 207
533 568 585
581 582 584
583 584 582
568 562 585
584 585 562
581 586 573
562 586 584
580 587 405
575 404 587
555 588 258
236 594 362
577 589 575
589 576 590
576 588 590
594 590 588
563 591 558
571 591 557
791 592 761
433 717 792
577 593 576
225 588 593
588 320 594
362 594 320
760 595 201
792 595 592
597 603 604
223 704 705
143 144 599
597 598 603
603 598 596
597 143 599
145 599 144
254 598 599
145 600 599
601 146 147
148 601 147
255 600 601
148 602 601
602 149 150
222 603 596
604 603 253
253 892 893
142 604 141
198 605 197
261 605 280
340 606 233
154 606 281
112 607 111
608 301 348
241 608 348
270 607 608
56 609 274
58 609 57
324 609 610
58 610 609
614 611 222
892 611 326
691 696 687
621 613 615
326 613 384
615 613 612
614 695 694
613 614 612
702 612 701
620 622 619
620 616 622
633 628 634
276 629 331
327 618 629
621 252 613
220 619 615
619 220 620
621 618 252
624 700 623
620 220 624
615 619 621
618 621 619
617 622 616
619 622 618
812 806 808
626 616 620
702 220 615
624 623 627
623 806 812
636 630 631
624 626 620
631 626 625
813 623 812
626 627 625
628 616 634
632 628 335
331 629 617
327 629 276
631 616 626
625 819 818
819 625 813
631 630 634
333 632 335
617 632 330
373 335 633
628 633 335
631 634 616
633 634 630
899 900 904
636 637 630
625 636 631
636 635 637
896 637 635
369 373 637
638 639 641
660 656 655
284 245 639
514 640 245
640 215 641
245 640 639
801 647 506
663 641 644
653 785 652
662 663 665
215 647 646
665 667 664
516 647 215
644 643 663
654 801 521
798 799 651
215 646 644
794 646 645
506 647 516
645 646 647
648 662 661
398 648 344
650 200 507
650 649 654
651 481 770
650 481 651
653 651 206
799 649 650
784 206 777
794 642 795
785 206 784
798 653 652
650 654 200
801 654 649
648 638 662
656 418 219
661 660 655
416 656 659
251 657 414
656 657 655
638 663 662
202 878 879
660 659 656
659 660 664
655 802 661
660 658 664
648 661 344
658 660 661
641 663 638
658 661 662
643 796 797
659 664 202
658 665 664
665 797 667
662 665 658
795 796 643
854 843 642
845 844 823
797 665 663
666 862 874
350 668 263
234 668 349
673 357 671
673 670 672
209 673 669
684 670 677
676 671 678
670 671 677
672 669 673
286 672 670
357 673 209
673 671 670
848 877 876
682 681 223
677 676 680
680 681 682
676 678 679
680 676 674
676 677 671
684 675 683
357 678 671
679 678 356
409 679 356
355 853 679
680 674 681
677 680 675
688 681 674
689 681 688
223 709 683
680 682 675
602 685 255
675 682 683
675 684 677
683 255 685
282 685 602
683 685 684
849 851 848
842 863 666
689 691 687
804 708 696
849 686 851
689 688 686
690 689 686
689 687 704
827 833 828
690 203 691
693 691 203
693 696 691
690 828 833
614 694 612
706 697 707
693 692 696
695 614 222
692 698 706
803 222 596
692 694 695
803 695 222
254 804 598
692 693 698
806 700 699
203 832 693
833 830 832
624 703 700
699 707 805
703 624 220
806 699 805
701 694 706
701 703 702
612 702 615
701 707 703
700 703 699
220 702 703
689 704 681
704 687 708
696 708 687
705 254 709
692 706 694
697 706 698
805 707 697
703 707 699
696 803 804
704 708 705
710 254 600
709 710 683
683 710 255
254 710 709
364 711 268
243 711 363
713 712 425
714 712 208
450 713 425
208 713 452
303 714 208
715 714 230
45 715 230
716 46 47
716 47 48
426 715 716
717 324 610
792 717 218
722 720 469
727 526 226
719 735 731
538 729 730
469 491 722
719 726 720
900 902 905
724 721 725
227 722 491
722 721 724
536 538 730
728 526 727
722 724 720
721 899 725
734 725 205
719 724 725
730 729 731
723 727 821
821 226 718
728 727 723
729 728 723
728 508 522
731 723 726
508 729 538
729 723 731
735 733 731
726 719 731
734 719 725
627 813 625
809 536 733
731 733 730
840 809 733
205 820 816
734 732 735
734 735 719
733 735 732
536 749 736
738 736 537
840 733 732
6 5 887
539 738 537
538 738 540
739 737 740
741 0 39
737 891 887
1 740 2
37 36 741
745 36 35
31 750 32
743 752 207
744 539 537
748 753 742
741 36 745
743 744 742
34 33 745
750 33 32
31 30 750
783 28 27
533 747 570
782 780 779
33 750 745
747 756 754
810 536 809
739 749 737
781 30 29
748 750 789
585 757 533
754 748 746
742 752 743
756 757 751
751 752 753
742 753 752
751 753 754
748 754 753
758 755 757
759 758 534
756 533 757
754 756 751
758 757 583
757 755 751
582 758 583
759 534 535
752 755 759
759 755 758
201 578 772
906 458 449
791 761 382
592 760 761
779 746 789
769 481 765
766 760 767
507 765 481
382 761 766
764 763 906
458 765 507
766 822 763
201 773 760
763 764 766
777 775 778
766 767 822
762 775 767
769 770 481
822 765 763
770 769 768
777 776 784
770 206 651
746 780 747
773 774 767
569 772 578
771 782 774
760 773 767
201 772 773
771 774 772
767 774 762
775 762 778
822 775 768
778 779 788
783 781 28
770 768 777
775 777 768
778 762 782
777 778 776
779 778 782
750 781 789
779 780 746
771 747 780
28 781 29
788 781 776
774 782 762
780 782 771
790 22 21
776 783 784
790 783 25
785 653 206
784 790 787
21 20 846
855 18 17
824 652 785
790 784 783
824 786 823
778 788 776
789 788 779
789 746 748
788 789 781
23 790 24
787 790 786
791 382 383
792 791 433
793 218 559
595 792 579
579 792 793
793 792 218
798 794 645
652 824 854
796 795 642
643 794 795
842 796 642
797 796 666
667 797 666
643 797 663
799 645 649
798 651 653
651 799 650
645 799 798
642 794 800
798 800 794
647 801 645
801 506 524
399 802 251
661 802 344
803 596 804
695 803 696
598 804 596
708 804 705
831 805 838
806 805 221
808 806 221
700 806 623
814 808 883
734 816 732
810 809 811
808 807 812
814 807 808
749 810 737
536 810 749
814 809 807
814 883 811
810 811 891
817 840 816
813 627 623
815 819 812
818 635 636
883 808 221
809 814 811
817 812 807
903 818 820
205 816 734
817 816 815
812 817 815
807 809 840
818 636 625
818 819 820
812 819 813
820 819 815
816 820 815
205 898 903
720 821 718
723 821 726
775 822 767
769 822 768
786 846 845
642 843 842
787 824 785
843 854 823
831 221 805
832 830 839
856 861 859
858 856 857
828 690 686
833 834 830
828 686 849
849 852 864
697 698 839
834 837 836
827 864 834
838 839 836
838 805 697
831 829 884
693 832 698
833 832 203
690 833 203
834 833 827
834 826 835
834 835 837
857 855 860
10 889 11
838 836 829
830 834 836
825 837 835
829 836 837
831 838 829
838 697 839
832 839 698
839 830 836
816 840 732
807 840 817
855 17 16
863 862 666
823 844 842
842 844 850
642 800 854
823 842 843
845 823 786
850 871 859
846 786 790
841 844 845
18 846 19
841 845 846
855 857 841
849 864 828
674 851 688
868 848 851
851 686 688
852 849 848
871 844 841
850 847 862
865 679 853
851 865 853
881 873 876
864 852 826
419 867 355
851 853 868
652 854 800
823 854 824
12 889 13
826 872 870
872 852 861
857 856 859
860 855 16
861 856 872
13 889 860
870 858 888
850 859 847
841 857 859
14 860 15
857 860 858
848 873 852
859 861 881
875 877 878
862 880 874
842 850 863
862 863 850
834 864 826
828 864 827
851 674 865
865 674 676
879 416 659
880 202 874
416 867 419
867 866 869
853 869 868
876 877 875
869 853 355
877 869 866
826 870 835
856 858 870
844 871 850
841 859 871
870 872 856
852 872 826
873 848 876
861 852 873
664 874 202
666 874 667
847 875 880
881 876 847
877 848 868
847 876 875
869 877 868
878 877 866
866 867 879
880 878 202
202 879 659
866 879 878
847 880 862
878 880 875
859 881 847
873 881 861
221 831 884
888 889 890
221 882 883
811 883 882
886 884 825
884 882 221
887 7 6
882 886 811
890 886 825
811 886 885
737 887 740
887 885 7
870 888 835
858 889 888
860 889 858
11 889 12
886 890 885
888 890 825
810 891 737
811 885 891
611 892 253
326 385 894
253 893 604
139 893 892
139 894 138
326 894 892
895 896 898
904 895 898
898 896 635
896 895 897
371 897 241
896 897 369
903 898 635
205 725 899
899 721 900
205 899 898
901 721 722
901 902 900
464 902 227
721 901 900
902 465 905
227 902 901
818 903 635
205 903 820
899 904 898
905 904 900
489 905 465
897 905 241
764 906 431
765 906 763
0
82
40 -0.2500000000000002 0.0
80 -0.2500000000000002 0.0
81 -0.2500000000000002 0.0
82 -0.2500000000000002 0.0
83 -0.2500000000000002 0.0
84 -0.2500000000000002 0.0
85 -0.2500000000000002 0.0
86 -0.2500000000000002 0.0
87 -0.2500000000000002 0.0
88 -0.2500000000000002 0.0
89 -0.2500000000000002 0.0
90 -0.2500000000000002 0.0
91 -0.2500000000000002 0.0
92 -0.2500000000000002 0.0
93 -0.2500000000000002 0.0
94 -0.24999999999999994 0.0
95 -0.24999999999999994 0.0
96 -0.24999999999999994 0.0
97 -0.24999999999999994 0.0
98 -0.24999999999999994 0.0
99 -0.24999999999999994 0.0
100 -0.24999999999999994 0.0
101 -0.24999999999999994 0.0
102 -0.24999999999999994 0.0
103 -0.24999999999999994 0.0
104 -0.24999999999999994 0.0
105 -0.24999999999999994 0.0
106 -0.24999999999999994 0.0
107 -0.24999999999999994 0.0
108 -0.24999999999999994 0.0
109 -0.24999999999999994 0.0
110 -0.24999999999999967 0.0
111 -0.24999999999999967 0.0
112 -0.24999999999999967 0.0
113 -0.24999999999999967 0.0
114 -0.24999999999999967 0.0
115 -0.24999999999999967 0.0
116 -0.24999999999999967 0.0
117 -0.24999999999999967 0.0
118 -0.1250000000000001 0.0
119 -0.1250000000000001 0.0
120 0.1250000000000001 0.0
160 0.1250000000000001 0.0
161 0.24999999999999967 0.0
162 0.24999999999999967 0.0
163 0.24999999999999967 0.0
164 0.24999999999999967 0.0
165 0.24999999999999967 0.0
166 0.24999999999999967 0.0
167 0.24999999999999967 0.0
168 0.24999999999999967 0.0
169 0.24999999999999994 0.0
170 0.24999999999999994 0.0
171 0.24999999999999994 0.0
172 0.24999999999999994 0.0
173 0.24999999999999994 0.0
174 0.24999999999999994 0.0
175 0.24999999999999994 0.0
176 0.24999999999999994 0.0
177 0.24999999999999994 0.0
178 0.24999999999999994 0.0
179 0.24999999999999994 0.0
180 0.24999999999999994 0.0
181 0.24999999999999994 0.0
182 0.24999999999999994 0.0
183 0.24999999999999994 0.0
184 0.24999999999999994 0.0
185 0.2500000000000002 0.0
186 0.2500000000000002 0.0
187 0.2500000000000002 0.0
188 0.2500000000000002 0.0
189 0.2500000000000002 0.0
190 0.2500000000000002 0.0
191 0.2500000000000002 0.0
192 0.2500000000000002 0.0
193 0.2500000000000002 0.0
194 0.2500000000000002 0.0
195 0.2500000000000002 0.0
196 0.2500000000000002 0.0
197 0.2500000000000002 0.0
198 0.2500000000000002 0.0
199 0.2500000000000002 0.0
0
123
40 -0.2500000000000002 0.0
40 -0.2500000000000002 0.0
80 -0.2500000000000002 0.0
81 -0.2500000000000002 0.0
82 -0.2500000000000002 0.0
83 -0.2500000000000002 0.0
84 -0.2500000000000002 0.0
85 -0.2500000000000002 0.0
86 -0.2500000000000002 0.0
87 -0.2500000000000002 0.0
88 -0.2500000000000002 0.0
89 -0.2500000000000002 0.0
90 -0.2500000000000002 0.0
91 -0.2500000000000002 0.0
92 -0.2500000000000002 0.0
93 -0.2500000000000002 0.0
94 -0.2500000000000002 0.0
95 -0.2500000000000002 0.0
96 -0.2500000000000002 0.0
97 -0.2500000000000002 0.0
98 -0.2500000000000002 0.0
99 -0.2500000000000002 0.0
100 -0.2500000000000002 0.0
101 -0.2500000000000002 0.0
102 -0.2500000000000002 0.0
103 -0.2500000000000002 0.0
104 -0.2500000000000002 0.0
105 -0.2500000000000002 0.0
106 -0.2500000000000002 0.0
107 -0.2500000000000002 0.0
108 -0.24999999999999994 0.0
109 -0.24999999999999994 0.0
110 -0.24999999999999994 0.0
111 -0.24999999999999994 0.0
112 -0.24999999999999994 0.0
113 -0.24999999999999994 0.0
114 -0.24999999999999994 0.0
115 -0.24999999999999994 0.0
116 -0.24999999999999994 0.0
117 -0.24999999999999994 0.0
118 -0.24999999999999994 0.0
119 -0.24999999999999994 0.0
120 -0.24999999999999994 0.0
160 -0.24999999999999994 0.0
160 -0.24999999999999994 0.0
161 -0.24999999999999994 0.0
161 -0.24999999999999994 0.0
162 -0.24999999999999994 0.0
162 -0.24999999999999994 0.0
163 -0.24999999999999994 0.0
163 -0.24999999999999994 0.0
164 -0.24999999999999994 0.0
164 -0.24999999999999994 0.0
165 -0.24999999999999994 0.0
165 -0.24999999999999994 0.0
166 -0.24999999999999994 0.0
166 -0.24999999999999994 0.0
167 -0.24999999999999994 0.0
167 -0.24999999999999994 0.0
168 -0.24999999999999994 0.0
168 -0.24999999999999994 0.0
169 -0.24999999999999994 0.0
169 -0.24999999999999967 0.0
170 -0.24999999999999967 0.0
170 -0.24999999999999967 0.0
171 -0.24999999999999967 0.0
171 -0.24999999999999967 0.0
172 -0.24999999999999967 0.0
172 -0.24999999999999967 0.0
173 -0.24999999999999967 0.0
173 -0.24999999999999967 0.0
174 -0.24999999999999967 0.0
174 -0.24999999999999967 0.0
175 -0.24999999999999967 0.0
175 -0.24999999999999967 0.0
176 -0.24999999999999967 0.0
176 -0.24999999999999967 0.0
177 -0.24999999999999967 0.0
177 -0.1250000000000001 0.0
178 -0.1250000000000001 0.0
178 -0.1250000000000001 0.0
179 -0.1250000000000001 0.0
179 0.1250000000000001 0.0
180 0.1250000000000001 0.0
180 0.24999999999999967 0.0
181 0.24999999999999967 0.0
181 0.24999999999999967 0.0
182 0.24999999999999967 0.0
182 0.24999999999999967 0.0
183 0.24999999999999967 0.0
183 0.24999999999999967 0.0
184 0.24999999999999967 0.0
184 0.24999999999999994 0.0
185 0.24999999999999994 0.0
185 0.24999999999999994 0.0
186 0.24999999999999994 0.0
186 0.24999999999999994 0.0
187 0.24999999999999994 0.0
187 0.24999999999999994 0.0
188 0.24999999999999994 0.0
188 0.24999999999999994 0.0
189 0.24999999999999994 0.0
189 0.24999999999999994 0.0
190 0.24999999999999994 0.0
190 0.24999999999999994 0.0
191 0.24999999999999994 0.0
191 0.24999999999999994 0.0
192 0.24999999999999994 0.0
192 0.2500000000000002 0.0
193 0.2500000000000002 0.0
193 0.2500000000000002 0.0
194 0.2500000000000002 0.0
194 0.2500000000000002 0.0
195 0.2500000000000002 0.0
195 0.2500000000000002 0.0
196 0.2500000000000002 0.0
196 0.2500000000000002 0.0
197 0.2500000000000002 0.0
197 0.2500000000000002 0.0
198 0.2500000000000002 0.0
198 0.2500000000000002 0.0
199 0.2500000000000002 0.0
199 0.2500000000000002 0.0
0
