0.3 2000
494
0.05 0.0
0.04990133642141358 0.003139525976465669
0.0496057350657239 0.006266661678215213
0.04911436253643444 0.009369065729286231
0.048429158056431554 0.01243449435824274
0.04755282581475768 0.01545084971874737
0.04648882429441257 0.0184062276342339
0.04524135262330098 0.021288964578253636
0.04381533400219318 0.024087683705085766
0.04221639627510076 0.026791339748949834
0.04045084971874738 0.029389262614623657
0.03852566213878946 0.03187119948743449
0.03644843137107058 0.03422735529643444
0.034227355296434434 0.03644843137107058
0.031871199487434484 0.03852566213878947
0.029389262614623653 0.04045084971874738
0.02679133974894983 0.04221639627510076
0.02408768370508576 0.04381533400219319
0.021288964578253633 0.04524135262330098
0.018406227634233895 0.046488824294412576
0.015450849718747373 0.04755282581475768
0.012434494358242738 0.048429158056431554
0.009369065729286226 0.04911436253643444
0.006266661678215213 0.0496057350657239
0.0031395259764656655 0.04990133642141358
-8.040613248383184e-18 0.05
-0.0031395259764656703 0.04990133642141358
-0.006266661678215219 0.04960573506572389
-0.009369065729286242 0.04911436253643443
-0.012434494358242744 0.048429158056431554
-0.015450849718747378 0.04755282581475768
-0.0184062276342339 0.046488824294412576
-0.021288964578253636 0.04524135262330098
-0.024087683705085773 0.043815334002193174
-0.026791339748949844 0.04221639627510075
-0.029389262614623653 0.04045084971874738
-0.03187119948743449 0.03852566213878947
-0.03422735529643444 0.03644843137107057
-0.03644843137107059 0.03422735529643443
-0.03852566213878947 0.03187119948743448
-0.04045084971874737 0.029389262614623664
-0.04221639627510076 0.026791339748949834
-0.04381533400219318 0.024087683705085763
-0.04524135262330098 0.021288964578253626
-0.046488824294412576 0.01840622763423389
-0.047552825814757685 0.015450849718747356
-0.048429158056431554 0.012434494358242742
-0.04911436253643444 0.00936906572928623
-0.0496057350657239 0.006266661678215205
-0.04990133642141358 0.0031395259764656572
-0.05 -1.6081226496766367e-17
-0.04990133642141358 -0.0031395259764656677
-0.0496057350657239 -0.006266661678215215
-0.04911436253643443 -0.009369065729286238
-0.048429158056431554 -0.012434494358242752
-0.04755282581475768 -0.015450849718747387
-0.04648882429441256 -0.018406227634233916
-0.04524135262330098 -0.021288964578253633
-0.04381533400219318 -0.02408768370508577
-0.04221639627510075 -0.02679133974894984
-0.040450849718747364 -0.02938926261462367
-0.038525662138789454 -0.0318711994874345
-0.03644843137107058 -0.03422735529643444
-0.034227355296434434 -0.03644843137107058
-0.03187119948743448 -0.03852566213878947
-0.029389262614623664 -0.04045084971874737
-0.026791339748949816 -0.042216396275100765
-0.024087683705085766 -0.04381533400219318
-0.02128896457825361 -0.04524135262330099
-0.018406227634233892 -0.046488824294412576
-0.015450849718747378 -0.04755282581475768
-0.012434494358242723 -0.04842915805643156
-0.009369065729286231 -0.04911436253643444
-0.006266661678215187 -0.0496057350657239
-0.0031395259764656607 -0.04990133642141358
-9.184850993605149e-18 -0.05
0.0031395259764656863 -0.04990133642141358
0.006266661678215212 -0.0496057350657239
0.009369065729286257 -0.04911436253643443
0.012434494358242747 -0.048429158056431554
0.015450849718747363 -0.047552825814757685
0.018406227634233913 -0.04648882429441256
0.021288964578253633 -0.04524135262330098
0.024087683705085787 -0.043815334002193174
0.02679133974894984 -0.04221639627510075
0.029389262614623685 -0.04045084971874735
0.0318711994874345 -0.038525662138789454
0.034227355296434434 -0.03644843137107058
0.036448431371070594 -0.03422735529643441
0.03852566213878947 -0.031871199487434484
0.04045084971874739 -0.02938926261462363
0.042216396275100765 -0.026791339748949816
0.04381533400219318 -0.024087683705085766
0.045241352623300986 -0.021288964578253612
0.046488824294412576 -0.018406227634233895
0.04755282581475769 -0.01545084971874734
0.04842915805643156 -0.012434494358242724
0.04911436253643444 -0.009369065729286235
0.0496057350657239 -0.0062666616782151895
0.04990133642141358 -0.0031395259764656633
-0.5 -0.5
-0.475 -0.5
-0.45 -0.5
-0.425 -0.5
-0.4 -0.5
-0.375 -0.5
-0.35 -0.5
-0.325 -0.5
-0.3 -0.5
-0.275 -0.5
-0.25 -0.5
-0.22499999999999998 -0.5
-0.2 -0.5
-0.175 -0.5
-0.15000000000000002 -0.5
-0.125 -0.5
-0.09999999999999998 -0.5
-0.07500000000000001 -0.5
-0.04999999999999999 -0.5
-0.025000000000000022 -0.5
0.0 -0.5
0.025000000000000022 -0.5
0.050000000000000044 -0.5
0.07499999999999996 -0.5
0.09999999999999998 -0.5
0.125 -0.5
0.15000000000000002 -0.5
0.17500000000000004 -0.5
0.19999999999999996 -0.5
0.22499999999999998 -0.5
0.25 -0.5
0.275 -0.5
0.30000000000000004 -0.5
0.32499999999999996 -0.5
0.35 -0.5
0.375 -0.5
0.4 -0.5
0.42500000000000004 -0.5
0.44999999999999996 -0.5
0.475 -0.5
0.5 -0.5
0.5 -0.475
0.5 -0.45
0.5 -0.425
0.5 -0.4
0.5 -0.375
0.5 -0.35
0.5 -0.325
0.5 -0.3
0.5 -0.275
0.5 -0.25
0.5 -0.22499999999999998
0.5 -0.2
0.5 -0.175
0.5 -0.15000000000000002
0.5 -0.125
0.5 -0.09999999999999998
0.5 -0.07500000000000001
0.5 -0.04999999999999999
0.5 -0.025000000000000022
0.5 0.0
0.5 0.025000000000000022
0.5 0.050000000000000044
0.5 0.07499999999999996
0.5 0.09999999999999998
0.5 0.125
0.5 0.15000000000000002
0.5 0.17500000000000004
0.5 0.19999999999999996
0.5 0.22499999999999998
0.5 0.25
0.5 0.275
0.5 0.30000000000000004
0.5 0.32499999999999996
0.5 0.35
0.5 0.375
0.5 0.4
0.5 0.42500000000000004
0.5 0.44999999999999996
0.5 0.475
0.5 0.5
0.475 0.5
0.45 0.5
0.425 0.5
0.4 0.5
0.375 0.5
0.35 0.5
0.325 0.5
0.3 0.5
0.275 0.5
0.25 0.5
0.22499999999999998 0.5
0.2 0.5
0.175 0.5
0.15000000000000002 0.5
0.125 0.5
0.09999999999999998 0.5
0.07500000000000001 0.5
0.04999999999999999 0.5
0.025000000000000022 0.5
0.0 0.5
-0.025000000000000022 0.5
-0.050000000000000044 0.5
-0.07499999999999996 0.5
-0.09999999999999998 0.5
-0.125 0.5
-0.15000000000000002 0.5
-0.17500000000000004 0.5
-0.19999999999999996 0.5
-0.22499999999999998 0.5
-0.25 0.5
-0.275 0.5
-0.30000000000000004 0.5
-0.32499999999999996 0.5
-0.35 0.5
-0.375 0.5
-0.4 0.5
-0.42500000000000004 0.5
-0.44999999999999996 0.5
-0.475 0.5
-0.5 0.5
-0.5 0.475
-0.5 0.45
-0.5 0.425
-0.5 0.4
-0.5 0.375
-0.5 0.35
-0.5 0.325
-0.5 0.3
-0.5 0.275
-0.5 0.25
-0.5 0.22499999999999998
-0.5 0.2
-0.5 0.175
-0.5 0.15000000000000002
-0.5 0.125
-0.5 0.09999999999999998
-0.5 0.07500000000000001
-0.5 0.04999999999999999
-0.5 0.025000000000000022
-0.5 0.0
-0.5 -0.025000000000000022
-0.5 -0.050000000000000044
-0.5 -0.07499999999999996
-0.5 -0.09999999999999998
-0.5 -0.125
-0.5 -0.15000000000000002
-0.5 -0.17500000000000004
-0.5 -0.19999999999999996
-0.5 -0.22499999999999998
-0.5 -0.25
-0.5 -0.275
-0.5 -0.30000000000000004
-0.5 -0.32499999999999996
-0.5 -0.35
-0.5 -0.375
-0.5 -0.4
-0.5 -0.42500000000000004
-0.5 -0.44999999999999996
-0.5 -0.475
-0.026529817044824086 -0.05206769764130138
-0.05611662756142439 -0.016303387415816266
-0.05611662756142433 0.016303387415816224
-0.04132115880573664 0.04132115880573663
-0.012747624206090939 0.057029592381482905
0.005499402159669649 -0.05817759797365328
0.032846434422986216 -0.04833206053743503
0.05363077492900248 -0.023208108725453813
0.04132115880573664 0.04132115880573661
0.05611662756142438 0.016303387415816252
0.016303387415816245 0.05611662756142438
-0.012747624206090923 -0.057029592381482884
-0.021766595051472576 -0.05029963337322477
-0.027899174645890167 -0.04717492799881878
-0.043834197966719834 -0.0386450439087889
-0.05348734177364597 -0.011955837386180853
-0.052067697641301314 -0.026529817044824062
-0.05156711434828712 -0.018565303536605442
-0.0515671143482871 0.01856530353660539
-0.05840810809216677 0.0018355487439932262
-0.056469987469270365 0.008943967360453955
-0.048332060537435 0.03284643442298617
-0.0411115463062799 0.03624470358441653
-0.03624470358441655 0.04111154630627988
-0.026529817044824086 0.052067697641301314
-0.019366965595738722 0.053793816378259404
-0.008573747293941314 0.05413250996356299
0.01630338741581623 -0.05611662756142434
0.00857374729394132 -0.054132509963562975
0.0017215382209891275 -0.05478023442601614
0.02789917464589019 -0.04717492799881876
0.04383419796671981 -0.03864504390878888
0.03359176758998298 -0.0433062458289354
0.05817759797365328 -0.005499402159669625
0.05490372840112822 -0.015951007635242598
0.048833642724954815 -0.024881983759882927
0.02974682429663887 0.05029913293847825
0.036244703584416546 0.041111546306279896
0.04111154630627989 0.03624470358441654
0.05348734177364596 0.011955837386180853
0.0520676976413013 0.026529817044824062
0.05156711434828712 0.01856530353660541
0.005499402159669639 0.058177597973653336
0.011955837386180848 0.053487341773645954
0.018565303536605404 0.05156711434828712
-0.0053805386329137984 -0.056920153205557544
-0.015290743250359647 -0.0526310834817904
-0.035093324772393554 -0.045242041684080206
-0.03875459829243241 -0.03875459829243243
-0.043306245828935365 -0.03359176758998295
-0.04717492799881875 -0.027899174645890167
-0.05692015320555752 -0.005380538632913808
-0.05094231164624016 0.025956404239835786
-0.032136494883466316 0.04728741622809774
0.022706490990953416 -0.05247160473820265
0.04728741622809778 -0.0321364948834663
0.03875459829243241 -0.038754598292432385
0.05714568110148675 0.0017958753775238236
0.05413250996356297 -0.008573747293941288
0.024881983759882948 0.04883364272495484
0.03080626023549051 0.045330035384045855
0.04728741622809775 0.03213649488346631
-0.00179587537752383 0.05714568110148678
-0.021244038377194508 -0.05900758660132833
0.04147434877103948 -0.04704341438610877
0.0384386281879171 0.0495547808603372
-0.05187057725393567 -0.03525120790027578
0.06251203008446021 0.009466776389989561
0.024907235139064458 0.05755722440156689
-0.0761185464677277 0.013575579108180861
-0.02477401877014726 0.0732432758583236
0.07381685776618564 -0.023008715175099035
-0.008769267725332182 -0.07682076156901571
0.029324116246363496 -0.07154317347484572
0.06478115572970354 0.042210559423040125
0.06836196790515618 -0.00033820214217733556
-0.06819795497613865 0.036433067418962725
-0.07606080538279204 -0.005565883333202995
-0.0009280750222526997 0.07731408759880168
-0.04151999319352611 0.06397120710106478
0.06309391958312499 -0.044693252019966864
-0.04258200910336337 -0.06977678383993396
0.03917332406721946 -0.061164989478148614
0.05274124039493147 0.049940632934930194
-0.07546333351276263 -0.03142152697539273
0.017601883446285205 0.07477465497475669
-0.05534884522535813 -0.0546992419142052
0.072505305802069 0.025224764113126852
0.062206083111821464 -0.09288645727122424
0.044884523781584015 0.07589558488854489
0.07458312396197844 0.07071891269750784
-0.12765407419899974 0.003849301553999653
-0.05812465059414816 0.11371853312176272
-0.08958219713311766 -0.09663006753360567
0.0975753090242274 0.046874285305306
0.015177777296639217 0.12596146416270204
-0.4375 -0.4375
-0.2625 -0.43265352839203963
-0.43265352839203963 0.2625
-0.41250000000000003 0.43265352839203963
-0.46249999999999997 0.46249999999999997
0.28750000000000003 -0.43265352839203963
0.43749999999999994 -0.43749999999999994
0.43265352839203963 0.2625
0.43265352839203963 0.41250000000000003
0.4625 0.46249999999999997
0.43265352839203974 -0.0875
0.012500000000000011 -0.43265352839203963
0.12687047047284172 -0.06273706567350926
-0.10725644621281942 0.03716657244840944
-0.43265352839203974 0.0875
-0.4326535283920399 -0.0625
-0.0625 0.4326535283920399
0.1111207268086227 0.005848570495227381
-0.01881708591402756 0.11022646116091558
0.1875 0.43265352839203963
-0.45 -0.3875
-0.465 -0.46249999999999997
-0.4125 -0.46499999999999997
-0.43265352839203963 -0.2625
-0.3375 -0.43265352839203974
-0.2875 -0.4628466264188791
-0.2375 -0.4628466264188791
-0.1375 -0.43265352839203963
-0.2625 0.43265352839203963
-0.43265352839203974 0.3375
-0.4628466264188791 0.2875
-0.4628466264188791 0.2375
-0.3875 0.4628466264188791
-0.45482191596200716 0.4125
0.2625 -0.4628466264188791
0.3125 -0.4628466264188791
0.43265352839203963 -0.3125
0.16250000000000003 -0.43265352839203963
0.41250000000000003 -0.465
0.46249999999999997 -0.46499999999999997
0.46499999999999997 -0.4125
0.4628466264188791 0.28750000000000003
0.43265352839203963 0.11249999999999999
0.4326535283920399 0.1875
0.4628466264188791 0.2375
0.4628466264188791 0.3875
0.4125 0.45482191596200716
0.3125 0.43265352839203963
0.46284662641887914 -0.0625
0.43265352839203963 -0.1875
0.4489260753103161 -0.1375
0.03750000000000003 -0.4628466264188791
-0.0625 -0.43265352839203963
-0.012500000000000013 -0.4628466264188791
-0.46284662641887914 0.0625
-0.43265352839203974 0.1625
-0.46284662641887914 0.11249999999999999
-0.44892607531031614 -0.012500000000000011
-0.4628466264188792 -0.08749999999999997
0.037500000000000006 0.43265352839203974
-0.012500000000000011 0.44892607531031614
-0.08749999999999997 0.4628466264188792
0.1625 0.4628466264188791
0.2375 0.44892607531031603
-0.4515625 -0.33749999999999997
-0.4628466264188791 -0.2375
-0.4628466264188791 -0.28750000000000003
-0.3625 -0.46284662641887914
-0.1875 -0.4498817629531399
-0.11249999999999999 -0.4628466264188791
-0.2375 0.4628466264188791
-0.28750000000000003 0.4628466264188791
-0.46284662641887914 0.3625
0.21249999999999997 -0.44988176295313986
0.3625 -0.4498817629531399
0.4628466264188791 -0.3375
0.4628466264188791 -0.2875
0.11249999999999999 -0.44892607531031603
0.44988176295314003 0.33749999999999997
0.4628466264188791 0.1375
0.43265352839203963 0.03750000000000003
0.4628466264188791 0.08749999999999997
0.3625 0.45147194297066134
0.2875 0.4628466264188791
0.4498817629531399 -0.01250000000000001
0.4628466264188791 -0.2125
-0.46284662641887914 0.1875
-0.4498817629531398 -0.1375
0.0875 0.4489260753103161
-0.1375 0.4498817629531398
-0.33749999999999997 0.44988176295314003
-0.45155867433899033 -0.1875
-0.1875 0.45155867433899033
0.06853018902604806 0.12377204975331071
-0.037984088702388834 -0.13238221424285962
0.1332537179949925 0.10428461820633311
-0.20720728573971325 0.07545626796284573
-0.03211274386225217 0.1835410067764343
-0.41294869963405184 0.032969543579152855
0.4053970749710743 -0.37615073416929423
0.4063498872398512 -0.25
0.06703045642084712 -0.41294869963405184
0.13296954357915286 0.41294869963405184
0.16329457929858826 0.04582375304368502
-0.3736874056040479 -0.36009081736262655
-0.31602727543014447 -0.1670173626014499
-0.1670173626014499 0.31602727543014447
0.36397330801786953 -0.13749999999999993
-0.012500000000000108 0.3639733080178692
0.25 0.3255650611012153
-0.2 -0.33243467190790865
0.22500000000000003 -0.3324346719079083
0.36402437823211065 0.37158820627481076
0.04487830747852681 0.1985645436728009
-0.31906267795168225 0.09772112808255555
-0.01103072944954888 -0.2822301509484987
0.3335942929758245 -0.024600435524798993
0.28198309014392087 0.1437622308342385
-0.1359571773313445 -0.21866893938647552
0.15408841329230172 -0.20553483945074785
-0.15725809066933516 0.1904065688861988
-0.30199888668116615 0.3000000000000002
-0.2166382601179908 -0.08731947058379094
-0.32016935238440264 -0.03594833239428681
0.2880055474025751 -0.23034680941608002
0.22892605653608564 -0.03658767040687136
0.32293015133983094 -0.32238771315682935
0.2627325243681336 -0.132166264957319
0.1693482237969588 0.22667891874807625
-0.23835291872940575 -0.23593556408826735
-0.3328269868740256 -0.2687926159142964
0.04969893232351014 -0.1968843686056986
0.11452420909566915 -0.310905906859005
-0.3354522661670102 0.2009628844395817
0.08612785118066506 0.3055298173544981
-0.07084073955136125 0.27903277664106046
-0.09774590516407441 -0.33657657266507185
0.32437461380762334 0.24493450339887554
728
100 101 259
214 215 388
102 378 377
233 234 442
427 446 384
102 103 378
309 310 326
377 356 257
103 104 378
258 259 377
258 377 257
310 276 326
232 442 231
58 310 59
376 256 257
358 385 386
108 109 381
385 358 477
360 389 359
107 108 381
106 423 105
489 411 470
383 424 114
492 466 383
425 115 116
382 381 110
417 205 445
110 381 109
227 386 385
332 323 341
337 279 329
376 257 356
312 281 336
420 255 376
376 255 256
261 275 311
339 284 330
254 420 253
314 287 333
341 346 353
253 420 422
263 283 313
255 420 254
262 278 312
291 324 340
273 65 307
86 316 87
274 309 326
353 346 344
267 295 315
317 293 335
344 276 261
96 318 97
478 479 461
248 447 247
299 317 327
421 250 251
324 316 292
112 424 382
266 290 314
346 274 326
309 59 310
382 424 357
111 112 382
273 272 68
357 380 381
107 381 380
409 118 119
409 120 407
420 460 379
305 271 332
332 265 305
414 245 443
409 119 120
380 460 356
383 114 425
64 307 65
71 306 72
286 28 27
73 72 305
271 305 72
313 33 284
76 75 289
68 67 273
63 62 308
69 272 306
69 68 272
330 352 339
410 370 412
71 70 306
289 265 288
260 273 307
324 292 266
54 53 275
347 269 327
56 55 277
275 277 55
265 289 305
291 89 316
337 311 279
263 281 282
275 261 277
49 279 50
332 271 323
309 274 308
53 52 275
293 99 318
64 63 308
285 330 284
260 272 273
61 309 62
331 294 267
315 91 90
276 310 57
330 285 264
60 309 61
309 60 59
7 301 300
58 57 310
32 285 284
340 331 267
309 308 62
277 57 56
169 400 168
269 300 301
408 425 117
424 112 113
49 48 280
319 296 328
410 413 454
14 320 15
238 410 237
241 242 413
19 319 304
321 300 334
263 336 281
322 302 338
412 236 410
43 312 278
268 298 321
352 336 339
325 320 297
260 307 341
329 262 336
314 333 342
386 230 387
442 234 411
450 341 353
334 343 321
386 228 229
344 261 337
428 227 385
228 386 227
198 444 197
229 230 386
391 131 132
235 236 412
264 286 322
335 293 331
217 218 360
343 325 268
222 360 221
223 389 360
165 166 435
262 312 336
219 220 221
264 322 338
360 218 219
360 219 221
413 240 241
389 223 224
416 200 201
267 315 340
388 217 359
323 260 341
217 388 216
225 226 428
366 156 404
341 450 332
213 446 427
269 347 300
427 384 426
388 446 214
457 407 433
215 216 388
120 121 407
387 358 386
448 207 208
52 311 275
452 470 479
311 52 51
40 282 281
45 44 278
323 272 260
315 295 91
280 46 262
262 46 278
311 51 50
40 39 282
24 302 322
322 25 24
41 40 281
345 270 328
43 278 44
283 38 37
292 85 84
283 282 38
332 333 265
251 422 421
42 312 43
283 36 35
311 50 279
284 33 32
342 266 314
311 337 261
263 282 283
325 296 320
369 336 352
294 331 293
282 39 38
331 373 335
427 211 212
339 336 263
35 313 283
339 313 284
327 335 347
369 329 336
206 207 448
349 325 343
345 355 338
202 417 372
447 248 421
448 208 426
329 369 351
31 30 285
199 200 416
313 35 34
265 287 288
458 418 444
29 285 30
374 453 352
270 302 303
325 297 268
69 306 70
270 345 302
264 29 286
323 306 272
27 26 286
274 307 308
264 285 29
32 31 285
24 23 302
23 303 302
280 47 46
48 47 280
435 164 165
271 72 306
294 293 318
447 246 247
124 125 433
289 288 76
76 288 77
78 77 288
54 275 55
313 34 33
288 79 78
64 308 307
314 80 287
80 79 287
162 163 437
407 367 409
57 277 276
433 126 393
104 105 378
127 128 429
259 101 377
102 377 101
265 333 287
92 295 93
83 82 290
128 129 429
356 378 423
314 81 80
84 83 290
460 420 376
433 125 126
106 107 423
305 289 74
305 74 73
290 292 84
261 276 277
316 86 292
292 86 85
319 19 18
314 82 81
89 88 316
41 281 312
90 89 315
89 291 315
312 42 41
88 87 316
92 91 295
350 334 354
93 295 94
414 242 243
94 294 95
267 294 94
314 290 82
280 329 279
318 96 294
37 36 283
318 99 98
98 97 318
194 418 193
294 96 95
321 8 300
432 456 392
321 9 8
266 292 290
12 11 298
154 155 406
449 355 349
405 441 153
453 374 355
352 330 374
155 156 406
133 391 132
366 472 463
430 135 394
203 417 202
417 203 204
390 391 361
404 159 440
131 391 390
394 137 138
244 414 243
395 138 139
452 351 369
442 232 233
395 394 138
139 140 141
477 489 476
142 143 396
457 488 471
354 347 373
395 362 394
352 453 476
136 137 394
242 414 371
142 396 395
396 143 144
407 121 122
148 431 147
404 157 158
368 331 340
147 431 146
148 432 431
183 365 182
455 482 430
187 403 438
173 434 397
148 149 432
177 365 364
431 455 396
342 324 266
191 192 419
368 340 348
395 396 362
134 430 391
291 340 315
404 156 157
441 152 153
161 162 436
223 360 222
446 385 477
164 437 163
217 360 359
440 161 436
407 457 367
94 295 267
449 350 451
456 432 441
450 348 332
390 130 131
468 434 364
269 299 327
298 297 12
304 303 20
298 268 297
235 412 234
329 280 262
10 298 11
14 297 320
263 313 339
13 297 14
20 19 304
291 316 324
325 349 328
297 13 12
299 2 317
3 299 4
66 273 67
0 317 1
66 65 273
304 319 328
2 299 3
6 301 7
4 299 5
5 299 301
49 280 279
317 2 1
301 6 5
321 10 9
274 346 307
366 406 156
7 300 8
322 26 25
323 271 306
18 17 319
28 286 29
236 237 410
202 416 201
26 322 286
22 303 23
22 21 303
79 288 287
341 307 346
20 303 21
320 17 16
296 319 320
320 319 17
372 416 202
342 348 340
330 264 338
304 270 303
211 427 426
276 344 326
355 345 349
348 342 333
320 16 15
304 328 270
425 114 115
328 296 325
406 153 154
486 466 485
338 355 374
99 317 0
45 278 46
347 334 300
445 448 462
168 399 167
461 371 443
387 230 231
399 435 167
321 298 10
356 377 378
400 170 397
199 415 198
380 423 107
343 268 321
382 110 111
327 317 335
375 192 418
437 164 435
171 172 397
382 357 381
373 347 335
375 419 192
434 174 401
211 426 210
401 176 177
337 329 351
209 210 426
176 401 175
422 251 252
397 363 400
349 350 449
397 170 171
350 349 343
338 302 345
337 351 344
191 419 190
418 192 193
468 363 434
328 349 345
402 438 364
326 344 346
185 438 402
187 188 439
198 415 444
190 419 439
249 250 421
365 177 178
170 400 169
181 365 179
196 197 444
347 354 334
365 178 179
373 331 368
402 183 184
332 348 333
182 365 181
180 181 179
129 390 429
183 402 365
366 404 440
343 334 350
364 365 402
177 364 401
351 353 344
242 371 413
299 269 301
99 293 317
340 324 342
226 227 428
74 289 75
466 460 357
374 330 338
428 224 225
385 359 389
429 361 467
129 130 390
133 134 391
430 134 135
392 431 432
151 152 441
361 430 482
127 393 126
394 362 430
135 136 394
139 141 395
142 395 141
144 145 396
145 146 431
172 173 397
434 173 174
399 493 473
354 459 451
491 490 464
437 435 398
363 399 400
168 400 399
401 364 434
174 175 401
184 185 402
438 185 186
439 188 189
419 465 403
158 159 404
440 159 160
463 405 406
463 480 456
463 406 366
153 406 405
122 123 407
433 123 124
367 471 492
118 408 117
367 408 409
118 409 408
238 239 410
413 239 240
410 454 370
358 387 411
370 411 412
234 412 411
470 454 479
239 413 410
244 245 414
443 245 246
415 416 464
491 469 490
464 416 372
199 416 415
204 205 417
445 205 206
194 195 418
195 196 444
465 419 375
403 187 439
376 356 460
379 421 422
461 443 447
248 249 421
253 422 252
420 379 422
356 423 380
378 105 423
114 424 113
424 383 466
117 425 116
408 383 425
384 462 448
208 209 426
212 213 427
213 214 446
385 389 428
224 428 389
361 429 390
127 429 393
362 396 455
361 391 430
431 392 455
145 431 396
149 150 432
150 151 441
433 393 457
123 433 407
364 438 468
363 397 434
167 435 166
399 398 435
459 481 473
481 483 472
398 436 437
162 437 436
187 438 186
438 403 468
190 439 189
419 403 439
161 440 160
436 472 440
456 441 405
150 441 432
411 387 442
231 442 387
447 443 246
371 414 443
444 415 458
195 444 418
448 445 206
372 417 445
388 359 446
385 446 359
421 379 447
353 351 478
426 384 448
491 464 372
350 354 451
375 418 458
353 474 450
393 488 457
459 354 373
451 459 473
352 452 369
370 454 470
355 449 469
462 372 445
371 454 413
479 454 371
392 456 482
430 362 455
456 405 463
482 456 480
488 393 467
487 450 471
415 464 490
449 484 469
481 373 368
436 473 472
380 357 460
466 357 424
379 486 447
486 379 460
446 477 384
352 476 452
440 472 366
429 467 393
491 372 462
355 469 453
458 465 375
473 493 484
383 408 492
485 474 478
483 475 480
348 475 368
403 465 468
468 465 493
449 451 484
469 484 490
470 452 476
411 370 470
450 474 471
367 457 471
473 436 398
481 459 373
398 399 473
399 363 493
474 353 478
474 466 492
487 475 348
467 482 480
491 476 453
462 477 476
411 489 358
384 477 462
452 478 351
478 461 485
461 479 371
479 478 452
480 463 483
475 467 480
475 483 368
473 481 472
361 482 467
482 455 392
472 483 463
483 481 368
473 484 451
490 465 458
447 486 461
466 474 485
466 486 460
461 486 485
450 487 348
488 487 471
467 475 488
488 475 487
476 489 470
358 489 477
465 490 484
415 490 458
476 491 462
469 491 453
367 492 408
474 492 471
468 493 363
484 493 465
0
82
100 -0.2500000000000002 0.0
140 -0.2500000000000002 0.0
141 -0.2500000000000002 0.0
142 -0.2500000000000002 0.0
143 -0.2500000000000002 0.0
144 -0.2500000000000002 0.0
145 -0.2500000000000002 0.0
146 -0.2500000000000002 0.0
147 -0.2500000000000002 0.0
148 -0.2500000000000002 0.0
149 -0.2500000000000002 0.0
150 -0.2500000000000002 0.0
151 -0.2500000000000002 0.0
152 -0.2500000000000002 0.0
153 -0.2500000000000002 0.0
154 -0.24999999999999994 0.0
155 -0.24999999999999994 0.0
156 -0.24999999999999994 0.0
157 -0.24999999999999994 0.0
158 -0.24999999999999994 0.0
159 -0.24999999999999994 0.0
160 -0.24999999999999994 0.0
161 -0.24999999999999994 0.0
162 -0.24999999999999994 0.0
163 -0.24999999999999994 0.0
164 -0.24999999999999994 0.0
165 -0.24999999999999994 0.0
166 -0.24999999999999994 0.0
167 -0.24999999999999994 0.0
168 -0.24999999999999994 0.0
169 -0.24999999999999994 0.0
170 -0.24999999999999967 0.0
171 -0.24999999999999967 0.0
172 -0.24999999999999967 0.0
173 -0.24999999999999967 0.0
174 -0.24999999999999967 0.0
175 -0.24999999999999967 0.0
176 -0.24999999999999967 0.0
177 -0.24999999999999967 0.0
178 -0.1250000000000001 0.0
179 -0.1250000000000001 0.0
180 0.1250000000000001 0.0
220 0.1250000000000001 0.0
221 0.24999999999999967 0.0
222 0.24999999999999967 0.0
223 0.24999999999999967 0.0
224 0.24999999999999967 0.0
225 0.24999999999999967 0.0
226 0.24999999999999967 0.0
227 0.24999999999999967 0.0
228 0.24999999999999967 0.0
229 0.24999999999999994 0.0
230 0.24999999999999994 0.0
231 0.24999999999999994 0.0
232 0.24999999999999994 0.0
233 0.24999999999999994 0.0
234 0.24999999999999994 0.0
235 0.24999999999999994 0.0
236 0.24999999999999994 0.0
237 0.24999999999999994 0.0
238 0.24999999999999994 0.0
239 0.24999999999999994 0.0
240 0.24999999999999994 0.0
241 0.24999999999999994 0.0
242 0.24999999999999994 0.0
243 0.24999999999999994 0.0
244 0.24999999999999994 0.0
245 0.2500000000000002 0.0
246 0.2500000000000002 0.0
247 0.2500000000000002 0.0
248 0.2500000000000002 0.0
249 0.2500000000000002 0.0
250 0.2500000000000002 0.0
251 0.2500000000000002 0.0
252 0.2500000000000002 0.0
253 0.2500000000000002 0.0
254 0.2500000000000002 0.0
255 0.2500000000000002 0.0
256 0.2500000000000002 0.0
257 0.2500000000000002 0.0
258 0.2500000000000002 0.0
259 0.2500000000000002 0.0
0
