0.3 2000
420
0.05 0.0
0.04997532801828658 0.0015705379539064147
0.04990133642141358 0.003139525976465669
0.049778098230154 0.004705415665925717
0.0496057350657239 0.006266661678215213
0.04938441702975689 0.007821723252011544
0.04911436253643444 0.009369065729286231
0.048795838096937376 0.010907162069827128
0.048429158056431554 0.01243449435824274
0.048014684283847156 0.013949555301961465
0.04755282581475768 0.01545084971874737
0.047044038447711274 0.01693689601226457
0.04648882429441257 0.0184062276342339
0.04588773128419906 0.01985739453173903
0.04524135262330098 0.021288964578253636
0.0445503262094184 0.022699524986977342
0.04381533400219318 0.024087683705085766
0.043037101350197185 0.025452070787518568
0.04221639627510076 0.026791339748949834
0.04135402871372809 0.02810416889260653
0.04045084971874738 0.029389262614623657
0.039507750618784525 0.030645352682648827
0.03852566213878946 0.03187119948743449
0.037505553481522985 0.033065593266182594
0.03644843137107058 0.03422735529643444
0.035355339059327376 0.03535533905932738
0.034227355296434434 0.03644843137107058
0.033065593266182594 0.037505553481522985
0.031871199487434484 0.03852566213878947
0.030645352682648827 0.039507750618784525
0.029389262614623653 0.04045084971874738
0.02810416889260653 0.04135402871372809
0.02679133974894983 0.04221639627510076
0.02545207078751856 0.043037101350197185
0.02408768370508576 0.04381533400219319
0.022699524986977342 0.044550326209418394
0.021288964578253633 0.04524135262330098
0.019857394531739028 0.04588773128419906
0.018406227634233895 0.046488824294412576
0.016936896012264564 0.04704403844771128
0.015450849718747373 0.04755282581475768
0.013949555301961465 0.048014684283847156
0.012434494358242738 0.048429158056431554
0.010907162069827125 0.048795838096937376
0.009369065729286226 0.04911436253643444
0.007821723252011536 0.04938441702975689
0.006266661678215213 0.0496057350657239
0.004705415665925715 0.049778098230154
0.0031395259764656655 0.04990133642141358
0.0015705379539064088 0.04997532801828658
-8.040613248383184e-18 0.05
-0.001570537953906414 0.04997532801828658
-0.0031395259764656703 0.04990133642141358
-0.004705415665925719 0.049778098230154
-0.006266661678215219 0.04960573506572389
-0.007821723252011551 0.049384417029756884
-0.009369065729286242 0.04911436253643443
-0.010907162069827128 0.048795838096937376
-0.012434494358242744 0.048429158056431554
-0.013949555301961467 0.048014684283847156
-0.015450849718747378 0.04755282581475768
-0.016936896012264578 0.047044038447711274
-0.0184062276342339 0.046488824294412576
-0.019857394531739035 0.04588773128419906
-0.021288964578253636 0.04524135262330098
-0.02269952498697734 0.0445503262094184
-0.024087683705085773 0.043815334002193174
-0.025452070787518568 0.043037101350197185
-0.026791339748949844 0.04221639627510075
-0.028104168892606536 0.04135402871372809
-0.029389262614623653 0.04045084971874738
-0.03064535268264883 0.03950775061878452
-0.03187119948743449 0.03852566213878947
-0.0330655932661826 0.03750555348152297
-0.03422735529643444 0.03644843137107057
-0.035355339059327376 0.03535533905932738
-0.03644843137107059 0.03422735529643443
-0.03750555348152298 0.033065593266182594
-0.03852566213878947 0.03187119948743448
-0.039507750618784525 0.03064535268264882
-0.04045084971874737 0.029389262614623664
-0.0413540287137281 0.028104168892606526
-0.04221639627510076 0.026791339748949834
-0.04303710135019719 0.025452070787518558
-0.04381533400219318 0.024087683705085763
-0.0445503262094184 0.022699524986977325
-0.04524135262330098 0.021288964578253626
-0.04588773128419906 0.01985739453173903
-0.046488824294412576 0.01840622763423389
-0.047044038447711274 0.016936896012264568
-0.047552825814757685 0.015450849718747356
-0.048014684283847156 0.013949555301961456
-0.048429158056431554 0.012434494358242742
-0.048795838096937376 0.010907162069827116
-0.04911436253643444 0.00936906572928623
-0.04938441702975689 0.007821723252011527
-0.0496057350657239 0.006266661678215205
-0.049778098230154 0.004705415665925718
-0.04990133642141358 0.0031395259764656572
-0.04997532801828658 0.0015705379539064119
-0.05 -1.6081226496766367e-17
-0.04997532801828658 -0.001570537953906422
-0.04990133642141358 -0.0031395259764656677
-0.049778098230154 -0.004705415665925728
-0.0496057350657239 -0.006266661678215215
-0.049384417029756884 -0.007821723252011558
-0.04911436253643443 -0.009369065729286238
-0.048795838096937376 -0.010907162069827126
-0.048429158056431554 -0.012434494358242752
-0.048014684283847156 -0.013949555301961465
-0.04755282581475768 -0.015450849718747387
-0.047044038447711274 -0.016936896012264575
-0.04648882429441256 -0.018406227634233916
-0.045887731284199054 -0.019857394531739042
-0.04524135262330098 -0.021288964578253633
-0.04455032620941839 -0.022699524986977356
-0.04381533400219318 -0.02408768370508577
-0.04303710135019717 -0.025452070787518585
-0.04221639627510075 -0.02679133974894984
-0.04135402871372809 -0.02810416889260653
-0.040450849718747364 -0.02938926261462367
-0.03950775061878452 -0.03064535268264883
-0.038525662138789454 -0.0318711994874345
-0.03750555348152297 -0.0330655932661826
-0.03644843137107058 -0.03422735529643444
-0.03535533905932737 -0.03535533905932738
-0.034227355296434434 -0.03644843137107058
-0.03306559326618258 -0.03750555348152299
-0.03187119948743448 -0.03852566213878947
-0.030645352682648827 -0.039507750618784525
-0.029389262614623664 -0.04045084971874737
-0.02810416889260651 -0.04135402871372811
-0.026791339748949816 -0.042216396275100765
-0.025452070787518558 -0.04303710135019719
-0.024087683705085766 -0.04381533400219318
-0.022699524986977346 -0.044550326209418394
-0.02128896457825361 -0.04524135262330099
-0.019857394531739014 -0.04588773128419907
-0.018406227634233892 -0.046488824294412576
-0.016936896012264568 -0.047044038447711274
-0.015450849718747378 -0.04755282581475768
-0.013949555301961437 -0.04801468428384716
-0.012434494358242723 -0.04842915805643156
-0.01090716206982712 -0.048795838096937376
-0.009369065729286231 -0.04911436253643444
-0.007821723252011551 -0.049384417029756884
-0.006266661678215187 -0.0496057350657239
-0.004705415665925698 -0.049778098230154
-0.0031395259764656607 -0.04990133642141358
-0.0015705379539064151 -0.04997532801828658
-9.184850993605149e-18 -0.05
0.0015705379539064411 -0.04997532801828658
0.0031395259764656863 -0.04990133642141358
0.004705415665925725 -0.049778098230154
0.006266661678215212 -0.0496057350657239
0.007821723252011534 -0.04938441702975689
0.009369065729286257 -0.04911436253643443
0.010907162069827146 -0.04879583809693737
0.012434494358242747 -0.048429158056431554
0.013949555301961462 -0.048014684283847156
0.015450849718747363 -0.047552825814757685
0.016936896012264595 -0.04704403844771127
0.018406227634233913 -0.04648882429441256
0.01985739453173904 -0.045887731284199054
0.021288964578253633 -0.04524135262330098
0.022699524986977374 -0.04455032620941838
0.024087683705085787 -0.043815334002193174
0.02545207078751858 -0.04303710135019717
0.02679133974894984 -0.04221639627510075
0.02810416889260653 -0.04135402871372809
0.029389262614623685 -0.04045084971874735
0.030645352682648848 -0.039507750618784504
0.0318711994874345 -0.038525662138789454
0.0330655932661826 -0.03750555348152298
0.034227355296434434 -0.03644843137107058
0.035355339059327404 -0.035355339059327355
0.036448431371070594 -0.03422735529643441
0.03750555348152299 -0.03306559326618258
0.03852566213878947 -0.031871199487434484
0.03950775061878452 -0.030645352682648827
0.04045084971874739 -0.02938926261462363
0.041354028713728105 -0.02810416889260651
0.042216396275100765 -0.026791339748949816
0.04303710135019719 -0.02545207078751856
0.04381533400219318 -0.024087683705085766
0.04455032620941841 -0.02269952498697731
0.045241352623300986 -0.021288964578253612
0.04588773128419907 -0.019857394531739018
0.046488824294412576 -0.018406227634233895
0.047044038447711274 -0.01693689601226457
0.04755282581475769 -0.01545084971874734
0.04801468428384716 -0.013949555301961439
0.04842915805643156 -0.012434494358242724
0.048795838096937376 -0.010907162069827121
0.04911436253643444 -0.009369065729286235
0.0493844170297569 -0.007821723252011512
0.0496057350657239 -0.0062666616782151895
0.049778098230154 -0.004705415665925702
0.04990133642141358 -0.0031395259764656633
0.04997532801828658 -0.0015705379539064182
-0.5 -0.5
-0.475 -0.5
-0.45 -0.5
-0.425 -0.5
-0.4 -0.5
-0.375 -0.5
-0.35 -0.5
-0.325 -0.5
-0.3 -0.5
-0.275 -0.5
-0.25 -0.5
-0.22499999999999998 -0.5
-0.2 -0.5
-0.175 -0.5
-0.15000000000000002 -0.5
-0.125 -0.5
-0.09999999999999998 -0.5
-0.07500000000000001 -0.5
-0.04999999999999999 -0.5
-0.025000000000000022 -0.5
0.0 -0.5
0.025000000000000022 -0.5
0.050000000000000044 -0.5
0.07499999999999996 -0.5
0.09999999999999998 -0.5
0.125 -0.5
0.15000000000000002 -0.5
0.17500000000000004 -0.5
0.19999999999999996 -0.5
0.22499999999999998 -0.5
0.25 -0.5
0.275 -0.5
0.30000000000000004 -0.5
0.32499999999999996 -0.5
0.35 -0.5
0.375 -0.5
0.4 -0.5
0.42500000000000004 -0.5
0.44999999999999996 -0.5
0.475 -0.5
0.5 -0.5
0.5 -0.475
0.5 -0.45
0.5 -0.425
0.5 -0.4
0.5 -0.375
0.5 -0.35
0.5 -0.325
0.5 -0.3
0.5 -0.275
0.5 -0.25
0.5 -0.22499999999999998
0.5 -0.2
0.5 -0.175
0.5 -0.15000000000000002
0.5 -0.125
0.5 -0.09999999999999998
0.5 -0.07500000000000001
0.5 -0.04999999999999999
0.5 -0.025000000000000022
0.5 0.0
0.5 0.025000000000000022
0.5 0.050000000000000044
0.5 0.07499999999999996
0.5 0.09999999999999998
0.5 0.125
0.5 0.15000000000000002
0.5 0.17500000000000004
0.5 0.19999999999999996
0.5 0.22499999999999998
0.5 0.25
0.5 0.275
0.5 0.30000000000000004
0.5 0.32499999999999996
0.5 0.35
0.5 0.375
0.5 0.4
0.5 0.42500000000000004
0.5 0.44999999999999996
0.5 0.475
0.5 0.5
0.475 0.5
0.45 0.5
0.425 0.5
0.4 0.5
0.375 0.5
0.35 0.5
0.325 0.5
0.3 0.5
0.275 0.5
0.25 0.5
0.22499999999999998 0.5
0.2 0.5
0.175 0.5
0.15000000000000002 0.5
0.125 0.5
0.09999999999999998 0.5
0.07500000000000001 0.5
0.04999999999999999 0.5
0.025000000000000022 0.5
0.0 0.5
-0.025000000000000022 0.5
-0.050000000000000044 0.5
-0.07499999999999996 0.5
-0.09999999999999998 0.5
-0.125 0.5
-0.15000000000000002 0.5
-0.17500000000000004 0.5
-0.19999999999999996 0.5
-0.22499999999999998 0.5
-0.25 0.5
-0.275 0.5
-0.30000000000000004 0.5
-0.32499999999999996 0.5
-0.35 0.5
-0.375 0.5
-0.4 0.5
-0.42500000000000004 0.5
-0.44999999999999996 0.5
-0.475 0.5
-0.5 0.5
-0.5 0.475
-0.5 0.45
-0.5 0.425
-0.5 0.4
-0.5 0.375
-0.5 0.35
-0.5 0.325
-0.5 0.3
-0.5 0.275
-0.5 0.25
-0.5 0.22499999999999998
-0.5 0.2
-0.5 0.175
-0.5 0.15000000000000002
-0.5 0.125
-0.5 0.09999999999999998
-0.5 0.07500000000000001
-0.5 0.04999999999999999
-0.5 0.025000000000000022
-0.5 0.0
-0.5 -0.025000000000000022
-0.5 -0.050000000000000044
-0.5 -0.07499999999999996
-0.5 -0.09999999999999998
-0.5 -0.125
-0.5 -0.15000000000000002
-0.5 -0.17500000000000004
-0.5 -0.19999999999999996
-0.5 -0.22499999999999998
-0.5 -0.25
-0.5 -0.275
-0.5 -0.30000000000000004
-0.5 -0.32499999999999996
-0.5 -0.35
-0.5 -0.375
-0.5 -0.4
-0.5 -0.42500000000000004
-0.5 -0.44999999999999996
-0.5 -0.475
-0.22782352548775409 -0.22782352548775409
-0.3406756347750474 -0.3406756347750474
-0.40677168208390607 -0.4067716820839061
-0.2054521865639031 -0.3630469736988984
-0.2826767543440052 -0.40996609059818473
-0.017574007767173 -0.2625021682690961
-0.12858803996513457 -0.2808683064829805
-0.05544364873032895 -0.3782942647292019
-0.09233381036223576 -0.15531186399258265
-0.3630469736988984 -0.20545218656390313
-0.40996609059818473 -0.2826767543440052
-0.2625021682690962 -0.017574007767173022
-0.2808683064829805 -0.1285880399651346
-0.17901243331100664 -0.08841279314277542
-0.37829426472920197 -0.05544364873032909
0.2377369939320651 -0.20246666862731535
-0.20246666862731544 0.23773699393206507
0.09556343251159832 -0.1707439380792578
0.003029677667832216 -0.14580082382036286
0.13361235423849657 -0.3332861337917711
0.03632986359401495 -0.3442200073867667
0.19609275925890998 -0.05465097423158427
0.15412036832777595 -0.24276102014870093
0.28577507285707526 -0.34755046150471997
0.3891285278189311 -0.3891285278189311
0.11160971287191962 -0.08306645275347713
0.34582051864638214 -0.09224213103871537
0.203934092906488 -0.40185824439007445
0.3663022065988252 -0.24039272534960274
0.26018022362632726 -0.11636964035274934
0.3125847718955159 0.09236071701070822
0.40870549249195864 -0.1590394240421853
0.28752749605399697 -0.007443867012967127
0.3921514855568446 0.019336655083306037
0.17157447930060987 0.08443726283966504
0.23086219637449557 0.2880307342165313
0.23717050450219732 0.17576449834721553
0.3656358467067108 0.21612679823328074
0.4031368613366258 0.12679942579548636
0.05528172365424661 0.22873167113963658
0.13890876439305802 0.17712037368947592
0.35470198222609334 0.3578917718636634
0.25335708538341883 0.392848334691034
0.10902490279505736 0.3591922120113787
0.13899447649271218 0.27062281378340974
-0.044416632057620996 0.34610239107613655
0.02773903829939535 0.4061602949249311
-0.07405853386403263 0.21989482505526475
-0.15513519018800648 0.10738573529944795
-0.004259868700079008 0.14924956440790194
-0.14993520652707915 0.007396452083092531
-0.1752312757702865 0.36745443337636513
-0.335949403925324 0.33348082875264184
-0.4031936559075987 0.4031936559075987
-0.34551098765879057 0.17922998176500757
-0.3521341490308065 0.06052853644483859
-0.26101356657194774 0.1149797973747936
-0.2665909987507954 0.40250818804814625
-0.2923422653537895 0.25335597117071407
-0.40189768841007656 0.2601470090902142
480
200 201 359
203 362 202
362 357 358
201 202 359
359 202 358
362 358 202
206 362 205
364 206 207
204 362 203
208 364 207
364 208 209
364 211 363
363 211 212
210 211 364
360 361 363
214 215 363
367 216 217
367 366 363
215 216 367
350 351 370
367 219 220
356 357 362
362 354 355
370 354 362
362 355 356
370 352 353
349 370 369
347 369 346
346 369 345
369 348 349
353 354 370
372 374 369
374 344 345
374 343 344
410 104 103
110 410 111
369 374 345
406 296 297
374 341 342
100 99 410
403 395 402
101 410 102
410 103 102
101 100 410
369 360 372
350 370 349
221 367 220
135 134 368
368 136 135
361 362 364
368 378 136
378 137 136
210 364 209
137 378 138
99 98 410
383 382 379
129 368 130
368 131 130
404 396 395
382 377 365
368 133 132
133 368 134
264 398 263
132 131 368
400 399 409
129 128 368
380 367 221
144 378 145
363 366 360
148 147 378
331 419 330
378 146 145
385 389 381
378 139 138
378 140 139
404 399 400
361 369 370
378 142 141
378 143 142
380 379 382
141 140 378
407 399 405
378 144 143
146 378 147
245 384 244
112 111 410
397 272 401
410 114 113
115 114 410
291 402 290
113 112 410
104 410 105
106 105 410
383 233 384
374 340 341
107 410 108
109 108 410
367 217 218
106 410 107
110 109 410
123 122 368
125 124 368
127 126 368
366 365 368
125 368 126
384 233 234
373 117 116
117 373 118
248 249 388
373 120 119
120 373 121
395 397 401
373 119 118
121 368 122
373 116 115
395 401 402
389 377 375
149 148 378
374 339 340
415 338 339
337 338 415
339 374 415
414 416 418
414 334 335
419 414 418
333 414 419
333 334 414
336 337 415
410 373 115
92 410 93
93 410 94
410 95 94
419 329 330
419 328 329
413 326 327
327 419 413
312 313 417
332 419 331
410 96 95
96 410 97
324 413 323
321 322 319
320 321 319
413 322 323
318 319 322
322 413 318
413 316 317
326 413 325
413 317 318
315 316 413
413 314 315
328 419 327
313 413 417
419 332 333
314 413 313
308 309 417
411 405 304
305 306 411
304 305 411
307 411 306
417 310 311
405 399 403
91 410 92
89 410 90
386 391 257
304 405 303
86 410 87
87 410 88
410 89 88
388 386 389
399 404 403
83 410 84
84 410 85
395 403 404
81 80 408
81 408 82
222 380 221
408 83 82
410 86 85
408 79 78
373 360 368
215 367 363
372 371 374
76 75 408
408 77 76
199 385 381
78 77 408
373 368 121
379 225 387
408 73 72
74 73 408
405 411 407
408 70 69
410 83 408
72 71 408
229 387 228
408 75 74
408 80 79
409 68 67
300 406 299
371 372 373
251 388 250
69 409 408
409 66 65
403 296 406
67 66 409
64 63 409
409 65 64
408 407 376
409 62 61
375 383 388
409 63 62
409 60 59
409 61 60
409 59 58
69 68 409
409 57 56
409 58 57
409 54 53
409 55 54
56 55 409
51 409 52
405 302 303
388 389 375
392 389 386
405 403 406
49 409 50
407 408 409
53 52 409
409 49 48
90 410 91
376 418 416
151 150 378
152 151 378
153 152 378
413 419 412
154 153 378
419 418 412
418 376 411
154 378 155
155 378 156
266 398 265
157 378 158
158 378 159
378 157 156
224 380 223
312 417 311
378 161 160
163 162 378
161 378 162
164 163 378
378 160 159
411 308 417
378 165 164
385 165 378
166 385 167
168 167 385
399 407 409
385 166 165
385 169 168
393 398 390
170 169 385
97 410 98
172 171 385
173 172 385
394 22 21
170 385 171
397 268 269
308 411 307
175 174 385
176 175 385
255 391 254
407 411 376
385 179 178
385 180 179
178 177 385
173 385 174
371 415 374
182 181 385
183 182 385
386 388 391
412 418 417
185 184 385
186 185 385
183 385 184
370 362 361
177 176 385
188 187 385
189 188 385
205 362 204
258 393 386
191 190 385
385 192 191
219 367 218
189 385 190
365 366 367
186 385 187
417 418 411
180 385 181
410 408 416
380 222 223
378 365 377
379 224 225
227 228 387
387 229 230
227 387 226
387 231 383
253 391 252
383 231 232
233 383 232
387 383 379
231 387 230
234 235 384
237 384 236
237 243 384
384 235 236
238 239 242
239 240 241
241 242 239
242 243 238
238 243 237
375 382 383
244 384 243
384 246 247
245 246 384
247 248 384
384 248 388
194 193 385
343 374 342
385 195 194
385 196 195
414 415 416
385 198 197
198 385 199
395 396 397
197 196 385
368 124 123
250 388 249
369 361 360
388 383 384
251 252 391
251 391 388
255 256 391
391 253 254
258 386 257
393 258 259
385 193 192
393 261 262
393 259 260
257 391 256
393 262 263
224 379 380
271 397 270
394 21 20
378 377 385
372 360 373
382 365 380
394 18 17
394 19 18
269 270 397
394 20 19
385 377 389
26 394 27
27 394 28
212 213 363
365 378 368
23 394 24
24 394 25
360 366 368
25 394 26
394 23 22
415 335 336
10 394 11
417 413 412
396 394 390
7 394 8
8 394 9
393 392 386
9 394 10
71 70 408
394 392 390
15 14 394
394 16 15
309 310 417
390 392 393
12 394 13
13 394 14
325 413 324
392 394 381
394 12 11
404 400 396
298 406 297
394 17 16
43 409 44
50 409 51
347 348 369
375 377 382
394 396 400
41 40 409
409 42 41
406 302 405
48 47 409
410 371 373
46 409 47
409 45 44
409 46 45
302 406 301
409 40 39
390 398 397
402 292 293
31 400 409
31 409 32
380 365 367
415 371 416
400 29 28
400 30 29
387 225 226
400 31 30
363 361 364
206 364 362
37 36 409
38 37 409
35 34 409
214 363 213
409 34 33
35 409 36
352 370 351
39 38 409
394 400 28
127 368 128
394 7 6
2 394 3
0 381 1
376 416 408
199 381 0
381 394 2
371 410 416
2 1 381
4 394 5
414 335 415
264 265 398
394 4 3
261 393 260
263 398 393
267 398 266
268 398 267
389 392 381
390 397 396
397 398 268
271 272 397
273 401 272
401 274 275
287 401 286
273 274 401
294 403 293
275 276 401
42 409 43
299 406 298
33 32 409
406 300 301
402 293 403
294 295 403
287 402 401
402 289 290
402 291 292
295 296 403
402 287 288
288 289 402
401 285 286
401 277 283
283 277 278
282 278 279
285 401 284
284 401 283
281 282 279
280 281 279
283 278 282
276 277 401
6 5 394
149 378 150
0
82
200 -0.2500000000000002 0.0
240 -0.2500000000000002 0.0
241 -0.2500000000000002 0.0
242 -0.2500000000000002 0.0
243 -0.2500000000000002 0.0
244 -0.2500000000000002 0.0
245 -0.2500000000000002 0.0
246 -0.2500000000000002 0.0
247 -0.2500000000000002 0.0
248 -0.2500000000000002 0.0
249 -0.2500000000000002 0.0
250 -0.2500000000000002 0.0
251 -0.2500000000000002 0.0
252 -0.2500000000000002 0.0
253 -0.2500000000000002 0.0
254 -0.24999999999999994 0.0
255 -0.24999999999999994 0.0
256 -0.24999999999999994 0.0
257 -0.24999999999999994 0.0
258 -0.24999999999999994 0.0
259 -0.24999999999999994 0.0
260 -0.24999999999999994 0.0
261 -0.24999999999999994 0.0
262 -0.24999999999999994 0.0
263 -0.24999999999999994 0.0
264 -0.24999999999999994 0.0
265 -0.24999999999999994 0.0
266 -0.24999999999999994 0.0
267 -0.24999999999999994 0.0
268 -0.24999999999999994 0.0
269 -0.24999999999999994 0.0
270 -0.24999999999999967 0.0
271 -0.24999999999999967 0.0
272 -0.24999999999999967 0.0
273 -0.24999999999999967 0.0
274 -0.24999999999999967 0.0
275 -0.24999999999999967 0.0
276 -0.24999999999999967 0.0
277 -0.24999999999999967 0.0
278 -0.1250000000000001 0.0
279 -0.1250000000000001 0.0
280 0.1250000000000001 0.0
320 0.1250000000000001 0.0
321 0.24999999999999967 0.0
322 0.24999999999999967 0.0
323 0.24999999999999967 0.0
324 0.24999999999999967 0.0
325 0.24999999999999967 0.0
326 0.24999999999999967 0.0
327 0.24999999999999967 0.0
328 0.24999999999999967 0.0
329 0.24999999999999994 0.0
330 0.24999999999999994 0.0
331 0.24999999999999994 0.0
332 0.24999999999999994 0.0
333 0.24999999999999994 0.0
334 0.24999999999999994 0.0
335 0.24999999999999994 0.0
336 0.24999999999999994 0.0
337 0.24999999999999994 0.0
338 0.24999999999999994 0.0
339 0.24999999999999994 0.0
340 0.24999999999999994 0.0
341 0.24999999999999994 0.0
342 0.24999999999999994 0.0
343 0.24999999999999994 0.0
344 0.24999999999999994 0.0
345 0.2500000000000002 0.0
346 0.2500000000000002 0.0
347 0.2500000000000002 0.0
348 0.2500000000000002 0.0
349 0.2500000000000002 0.0
350 0.2500000000000002 0.0
351 0.2500000000000002 0.0
352 0.2500000000000002 0.0
353 0.2500000000000002 0.0
354 0.2500000000000002 0.0
355 0.2500000000000002 0.0
356 0.2500000000000002 0.0
357 0.2500000000000002 0.0
358 0.2500000000000002 0.0
359 0.2500000000000002 0.0
0
