0.3 2000
1067
0.05 0.0
0.04997532801828658 0.0015705379539064147
0.04990133642141358 0.003139525976465669
0.049778098230154 0.004705415665925717
0.0496057350657239 0.006266661678215213
0.04938441702975689 0.007821723252011544
0.04911436253643444 0.009369065729286231
0.048795838096937376 0.010907162069827128
0.048429158056431554 0.01243449435824274
0.048014684283847156 0.013949555301961465
0.04755282581475768 0.01545084971874737
0.047044038447711274 0.01693689601226457
0.04648882429441257 0.0184062276342339
0.04588773128419906 0.01985739453173903
0.04524135262330098 0.021288964578253636
0.0445503262094184 0.022699524986977342
0.04381533400219318 0.024087683705085766
0.043037101350197185 0.025452070787518568
0.04221639627510076 0.026791339748949834
0.04135402871372809 0.02810416889260653
0.04045084971874738 0.029389262614623657
0.039507750618784525 0.030645352682648827
0.03852566213878946 0.03187119948743449
0.037505553481522985 0.033065593266182594
0.03644843137107058 0.03422735529643444
0.035355339059327376 0.03535533905932738
0.034227355296434434 0.03644843137107058
0.033065593266182594 0.037505553481522985
0.031871199487434484 0.03852566213878947
0.030645352682648827 0.039507750618784525
0.029389262614623653 0.04045084971874738
0.02810416889260653 0.04135402871372809
0.02679133974894983 0.04221639627510076
0.02545207078751856 0.043037101350197185
0.02408768370508576 0.04381533400219319
0.022699524986977342 0.044550326209418394
0.021288964578253633 0.04524135262330098
0.019857394531739028 0.04588773128419906
0.018406227634233895 0.046488824294412576
0.016936896012264564 0.04704403844771128
0.015450849718747373 0.04755282581475768
0.013949555301961465 0.048014684283847156
0.012434494358242738 0.048429158056431554
0.010907162069827125 0.048795838096937376
0.009369065729286226 0.04911436253643444
0.007821723252011536 0.04938441702975689
0.006266661678215213 0.0496057350657239
0.004705415665925715 0.049778098230154
0.0031395259764656655 0.04990133642141358
0.0015705379539064088 0.04997532801828658
-8.040613248383184e-18 0.05
-0.001570537953906414 0.04997532801828658
-0.0031395259764656703 0.04990133642141358
-0.004705415665925719 0.049778098230154
-0.006266661678215219 0.04960573506572389
-0.007821723252011551 0.049384417029756884
-0.009369065729286242 0.04911436253643443
-0.010907162069827128 0.048795838096937376
-0.012434494358242744 0.048429158056431554
-0.013949555301961467 0.048014684283847156
-0.015450849718747378 0.04755282581475768
-0.016936896012264578 0.047044038447711274
-0.0184062276342339 0.046488824294412576
-0.019857394531739035 0.04588773128419906
-0.021288964578253636 0.04524135262330098
-0.02269952498697734 0.0445503262094184
-0.024087683705085773 0.043815334002193174
-0.025452070787518568 0.043037101350197185
-0.026791339748949844 0.04221639627510075
-0.028104168892606536 0.04135402871372809
-0.029389262614623653 0.04045084971874738
-0.03064535268264883 0.03950775061878452
-0.03187119948743449 0.03852566213878947
-0.0330655932661826 0.03750555348152297
-0.03422735529643444 0.03644843137107057
-0.035355339059327376 0.03535533905932738
-0.03644843137107059 0.03422735529643443
-0.03750555348152298 0.033065593266182594
-0.03852566213878947 0.03187119948743448
-0.039507750618784525 0.03064535268264882
-0.04045084971874737 0.029389262614623664
-0.0413540287137281 0.028104168892606526
-0.04221639627510076 0.026791339748949834
-0.04303710135019719 0.025452070787518558
-0.04381533400219318 0.024087683705085763
-0.0445503262094184 0.022699524986977325
-0.04524135262330098 0.021288964578253626
-0.04588773128419906 0.01985739453173903
-0.046488824294412576 0.01840622763423389
-0.047044038447711274 0.016936896012264568
-0.047552825814757685 0.015450849718747356
-0.048014684283847156 0.013949555301961456
-0.048429158056431554 0.012434494358242742
-0.048795838096937376 0.010907162069827116
-0.04911436253643444 0.00936906572928623
-0.04938441702975689 0.007821723252011527
-0.0496057350657239 0.006266661678215205
-0.049778098230154 0.004705415665925718
-0.04990133642141358 0.0031395259764656572
-0.04997532801828658 0.0015705379539064119
-0.05 -1.6081226496766367e-17
-0.04997532801828658 -0.001570537953906422
-0.04990133642141358 -0.0031395259764656677
-0.049778098230154 -0.004705415665925728
-0.0496057350657239 -0.006266661678215215
-0.049384417029756884 -0.007821723252011558
-0.04911436253643443 -0.009369065729286238
-0.048795838096937376 -0.010907162069827126
-0.048429158056431554 -0.012434494358242752
-0.048014684283847156 -0.013949555301961465
-0.04755282581475768 -0.015450849718747387
-0.047044038447711274 -0.016936896012264575
-0.04648882429441256 -0.018406227634233916
-0.045887731284199054 -0.019857394531739042
-0.04524135262330098 -0.021288964578253633
-0.04455032620941839 -0.022699524986977356
-0.04381533400219318 -0.02408768370508577
-0.04303710135019717 -0.025452070787518585
-0.04221639627510075 -0.02679133974894984
-0.04135402871372809 -0.02810416889260653
-0.040450849718747364 -0.02938926261462367
-0.03950775061878452 -0.03064535268264883
-0.038525662138789454 -0.0318711994874345
-0.03750555348152297 -0.0330655932661826
-0.03644843137107058 -0.03422735529643444
-0.03535533905932737 -0.03535533905932738
-0.034227355296434434 -0.03644843137107058
-0.03306559326618258 -0.03750555348152299
-0.03187119948743448 -0.03852566213878947
-0.030645352682648827 -0.039507750618784525
-0.029389262614623664 -0.04045084971874737
-0.02810416889260651 -0.04135402871372811
-0.026791339748949816 -0.042216396275100765
-0.025452070787518558 -0.04303710135019719
-0.024087683705085766 -0.04381533400219318
-0.022699524986977346 -0.044550326209418394
-0.02128896457825361 -0.04524135262330099
-0.019857394531739014 -0.04588773128419907
-0.018406227634233892 -0.046488824294412576
-0.016936896012264568 -0.047044038447711274
-0.015450849718747378 -0.04755282581475768
-0.013949555301961437 -0.04801468428384716
-0.012434494358242723 -0.04842915805643156
-0.01090716206982712 -0.048795838096937376
-0.009369065729286231 -0.04911436253643444
-0.007821723252011551 -0.049384417029756884
-0.006266661678215187 -0.0496057350657239
-0.004705415665925698 -0.049778098230154
-0.0031395259764656607 -0.04990133642141358
-0.0015705379539064151 -0.04997532801828658
-9.184850993605149e-18 -0.05
0.0015705379539064411 -0.04997532801828658
0.0031395259764656863 -0.04990133642141358
0.004705415665925725 -0.049778098230154
0.006266661678215212 -0.0496057350657239
0.007821723252011534 -0.04938441702975689
0.009369065729286257 -0.04911436253643443
0.010907162069827146 -0.04879583809693737
0.012434494358242747 -0.048429158056431554
0.013949555301961462 -0.048014684283847156
0.015450849718747363 -0.047552825814757685
0.016936896012264595 -0.04704403844771127
0.018406227634233913 -0.04648882429441256
0.01985739453173904 -0.045887731284199054
0.021288964578253633 -0.04524135262330098
0.022699524986977374 -0.04455032620941838
0.024087683705085787 -0.043815334002193174
0.02545207078751858 -0.04303710135019717
0.02679133974894984 -0.04221639627510075
0.02810416889260653 -0.04135402871372809
0.029389262614623685 -0.04045084971874735
0.030645352682648848 -0.039507750618784504
0.0318711994874345 -0.038525662138789454
0.0330655932661826 -0.03750555348152298
0.034227355296434434 -0.03644843137107058
0.035355339059327404 -0.035355339059327355
0.036448431371070594 -0.03422735529643441
0.03750555348152299 -0.03306559326618258
0.03852566213878947 -0.031871199487434484
0.03950775061878452 -0.030645352682648827
0.04045084971874739 -0.02938926261462363
0.041354028713728105 -0.02810416889260651
0.042216396275100765 -0.026791339748949816
0.04303710135019719 -0.02545207078751856
0.04381533400219318 -0.024087683705085766
0.04455032620941841 -0.02269952498697731
0.045241352623300986 -0.021288964578253612
0.04588773128419907 -0.019857394531739018
0.046488824294412576 -0.018406227634233895
0.047044038447711274 -0.01693689601226457
0.04755282581475769 -0.01545084971874734
0.04801468428384716 -0.013949555301961439
0.04842915805643156 -0.012434494358242724
0.048795838096937376 -0.010907162069827121
0.04911436253643444 -0.009369065729286235
0.0493844170297569 -0.007821723252011512
0.0496057350657239 -0.0062666616782151895
0.049778098230154 -0.004705415665925702
0.04990133642141358 -0.0031395259764656633
0.04997532801828658 -0.0015705379539064182
-0.5 -0.5
-0.475 -0.5
-0.45 -0.5
-0.425 -0.5
-0.4 -0.5
-0.375 -0.5
-0.35 -0.5
-0.325 -0.5
-0.3 -0.5
-0.275 -0.5
-0.25 -0.5
-0.22499999999999998 -0.5
-0.2 -0.5
-0.175 -0.5
-0.15000000000000002 -0.5
-0.125 -0.5
-0.09999999999999998 -0.5
-0.07500000000000001 -0.5
-0.04999999999999999 -0.5
-0.025000000000000022 -0.5
0.0 -0.5
0.025000000000000022 -0.5
0.050000000000000044 -0.5
0.07499999999999996 -0.5
0.09999999999999998 -0.5
0.125 -0.5
0.15000000000000002 -0.5
0.17500000000000004 -0.5
0.19999999999999996 -0.5
0.22499999999999998 -0.5
0.25 -0.5
0.275 -0.5
0.30000000000000004 -0.5
0.32499999999999996 -0.5
0.35 -0.5
0.375 -0.5
0.4 -0.5
0.42500000000000004 -0.5
0.44999999999999996 -0.5
0.475 -0.5
0.5 -0.5
0.5 -0.475
0.5 -0.45
0.5 -0.425
0.5 -0.4
0.5 -0.375
0.5 -0.35
0.5 -0.325
0.5 -0.3
0.5 -0.275
0.5 -0.25
0.5 -0.22499999999999998
0.5 -0.2
0.5 -0.175
0.5 -0.15000000000000002
0.5 -0.125
0.5 -0.09999999999999998
0.5 -0.07500000000000001
0.5 -0.04999999999999999
0.5 -0.025000000000000022
0.5 0.0
0.5 0.025000000000000022
0.5 0.050000000000000044
0.5 0.07499999999999996
0.5 0.09999999999999998
0.5 0.125
0.5 0.15000000000000002
0.5 0.17500000000000004
0.5 0.19999999999999996
0.5 0.22499999999999998
0.5 0.25
0.5 0.275
0.5 0.30000000000000004
0.5 0.32499999999999996
0.5 0.35
0.5 0.375
0.5 0.4
0.5 0.42500000000000004
0.5 0.44999999999999996
0.5 0.475
0.5 0.5
0.475 0.5
0.45 0.5
0.425 0.5
0.4 0.5
0.375 0.5
0.35 0.5
0.325 0.5
0.3 0.5
0.275 0.5
0.25 0.5
0.22499999999999998 0.5
0.2 0.5
0.175 0.5
0.15000000000000002 0.5
0.125 0.5
0.09999999999999998 0.5
0.07500000000000001 0.5
0.04999999999999999 0.5
0.025000000000000022 0.5
0.0 0.5
-0.025000000000000022 0.5
-0.050000000000000044 0.5
-0.07499999999999996 0.5
-0.09999999999999998 0.5
-0.125 0.5
-0.15000000000000002 0.5
-0.17500000000000004 0.5
-0.19999999999999996 0.5
-0.22499999999999998 0.5
-0.25 0.5
-0.275 0.5
-0.30000000000000004 0.5
-0.32499999999999996 0.5
-0.35 0.5
-0.375 0.5
-0.4 0.5
-0.42500000000000004 0.5
-0.44999999999999996 0.5
-0.475 0.5
-0.5 0.5
-0.5 0.475
-0.5 0.45
-0.5 0.425
-0.5 0.4
-0.5 0.375
-0.5 0.35
-0.5 0.325
-0.5 0.3
-0.5 0.275
-0.5 0.25
-0.5 0.22499999999999998
-0.5 0.2
-0.5 0.175
-0.5 0.15000000000000002
-0.5 0.125
-0.5 0.09999999999999998
-0.5 0.07500000000000001
-0.5 0.04999999999999999
-0.5 0.025000000000000022
-0.5 0.0
-0.5 -0.025000000000000022
-0.5 -0.050000000000000044
-0.5 -0.07499999999999996
-0.5 -0.09999999999999998
-0.5 -0.125
-0.5 -0.15000000000000002
-0.5 -0.17500000000000004
-0.5 -0.19999999999999996
-0.5 -0.22499999999999998
-0.5 -0.25
-0.5 -0.275
-0.5 -0.30000000000000004
-0.5 -0.32499999999999996
-0.5 -0.35
-0.5 -0.375
-0.5 -0.4
-0.5 -0.42500000000000004
-0.5 -0.44999999999999996
-0.5 -0.475
-0.3875 -0.3875
-0.1375 -0.2579811757855427
-0.2716213811336573 -0.0625000000000003
-0.2341140296583824 0.2124999999999994
-0.3625 0.3625
-0.012500000000000011 0.2750285471669721
0.1375 -0.2579811757855427
0.3375 -0.3375
0.41250000000000003 -0.4125
0.2738933628094363 -0.037500000000000006
0.26249999999999984 0.26249999999999984
0.3625 0.3625
-0.4 -0.28750000000000003
-0.44166666666666665 -0.3625
-0.4125 -0.44166666666666665
-0.3375 -0.43333333333333335
-0.1625 -0.37802217148648254
-0.3519442321461893 0.0625
-0.386152776005421 -0.0625
-0.36735084379617144 0.2125
-0.16250000000000003 0.3476024882714577
-0.3625 0.4318181818181818
-0.42954545454545456 0.3875
-0.2625 0.3954545454545455
-0.012500000000000011 0.3878615398655684
0.012500000000000011 -0.3470328464852417
0.1375 -0.37931339336153425
0.4173076923076923 -0.3125
0.2625 -0.40192307692307694
0.41250000000000003 -0.45714285714285713
0.4571428571428572 -0.4125
0.33749999999999997 -0.42499999999999993
0.38729220421188 -0.037500000000000006
0.2375 0.38026315789473675
0.3486842105263158 0.1375
0.4318181818181818 0.3625
0.3875 0.42954545454545456
0.3954545454545455 0.2625
-0.43828125 -0.2375
-0.45078125 -0.28750000000000003
-0.45228174603174603 -0.41250000000000003
-0.1625 -0.43965157099332375
-0.4264997888624259 0.0625
-0.4437626146603207 -0.0625
-0.43426438154348257 0.2125
-0.16250000000000003 0.4243138837393147
-0.4375 0.4441632231404959
-0.2625 0.4484745553359684
-0.01250000000000001 0.4446274532999924
0.0875 0.40003971779866665
0.01250000000000001 -0.42402715380277645
0.1375 -0.4403040344606256
0.4558195438282648 -0.3375
0.4558195438282648 -0.2875
0.2625 -0.45175810708898945
0.44433926622518927 -0.037500000000000006
0.37502285430026117 -0.1625
0.2875 0.4303444910352805
0.2125 0.4381741613649508
0.424858409610984 0.1375
0.4441632231404959 0.4375
0.4484745553359684 0.2625
0.0875 0.45080141931792683
0.42813471276416226 -0.2125
0.43563608427293693 -0.1375
-0.46572093088402766 0.46572093088402766
0.46572093088402766 0.46572093088402766
0.3776785714285714 -0.4348214285714286
0.34987244897959174 -0.46147959183673465
0.3062625995384737 -0.4559324239612982
0.29884793468754994 -0.4172057507270011
0.2826224598217394 -0.47228454807822673
0.3262103618370033 -0.38125
0.37244674753586765 -0.3883383547273821
-0.425390625 -0.3224681712962963
-0.4627244887291477 -0.3228743038554937
-0.40494057331614164 -0.3541073532960847
-0.425390625 -0.26728515625000004
-0.466453125 -0.25701953125
-0.4538262543718052 -0.45632002695145857
-0.4259675555167775 -0.46928671429402385
-0.47221558475591996 -0.4337346321669636
-0.4173539660357956 -0.4065738105475815
-0.46776114027645205 -0.3830869009321125
0.43482142857142864 -0.3753821688608667
0.46744497401535723 -0.38103405193591844
0.40364298356382816 -0.38190308725339495
0.41275002651364584 -0.3476494049269638
0.37746785481762124 -0.3252043353497435
0.3778693557074237 -0.25764388136877336
0.365061741021748 -0.3559843419356227
0.3886622046172601 -0.29148944154846856
0.42064598169373474 -0.26264666766311007
0.33967444117663254 -0.2884672951887866
0.45869578872918404 -0.24611313221367814
0.40228358600707803 -0.23427198605824068
0.39282081460929263 -0.19680304011730648
0.4240080194035654 -0.17421211803657388
0.46116669674464206 -0.18957346095856326
0.4726048244258368 -0.3125
0.20175847310072492 -0.4268405920060332
0.03887641581900916 0.42542056855829674
0.14807386617678128 0.42542056855829674
0.3817956003539627 -0.4681113288811459
0.2795208996286093 -0.34587019773066574
-0.46994864577778034 -0.3521214580740859
0.3095588143603072 -0.2120730653410543
0.34988298979478244 -0.1973124038797995
0.3697688694057424 -0.2247446580213431
0.47053032047455384 -0.21830649960016424
0.23724009389626796 -0.4268405920060332
0.21949928349849646 -0.4614760588957178
0.17942066227721748 -0.4601436460781216
0.06981243765452672 0.42542056855829674
0.11246956087871038 0.42542056855829674
0.13027171352774583 0.460771910187044
0.17119664671456647 0.4592227443936279
0.31025976279659334 -0.3538023267068579
0.29157513456992284 -0.38301898175720084
0.3041464474684959 -0.3114563111866806
0.2968415455055435 -0.26121948905290426
0.14960969996451542 -0.46892502895908483
0.20177777459434976 0.46818288239249156
0.33560333812654963 -0.2475769274421952
0.21808487979232377 -0.2146215992287847
0.26418973430130177 -0.22655182295651985
0.2914344577962172 -0.2336017453596223
0.2225157170434187 -0.29255063376716123
0.2620865495678295 -0.3073771023191855
0.28513825661671344 -0.28857076775665214
0.23278192346653484 -0.25287644455673286
0.18481549951843354 -0.24935392308011262
0.16971244737671495 -0.30058512618890365
0.1643475456734733 -0.2711617381622144
-0.37633258258258256 -0.42550675675675675
-0.38133903531630803 -0.4628548560366742
-0.3473696438541663 -0.4659879834440105
0.45648809523809525 -0.45648809523809525
-0.24831383042535166 -0.40883687123990314
-0.2375 -0.4546340440137529
-0.2048719665580736 -0.4227544777960669
-0.28711451292410245 -0.44217395057756537
-0.19922143359053307 -0.4611744934425712
-0.17476680852695928 -0.40883687123990314
-0.2128165819790087 -0.3727948277759587
-0.25908022603393155 -0.43555437111088113
-0.3029603639977162 -0.38448273151434587
-0.3466954203025213 -0.34493744117696173
-0.37427227009549496 -0.3593404944870844
-0.34507852361616737 -0.3902406211782039
-0.3773194319214044 -0.3199046605484552
-0.2739872221844295 -0.22474097377596045
-0.3327762144331057 -0.264588525672828
-0.3801293571961278 -0.23001464828857013
-0.3630667398722481 -0.28578937495596163
-0.32549547479537616 -0.3072299023456183
-0.3620626123553248 -0.2549849287738556
-0.3054704003015828 -0.3433016964035728
-0.28099710580180387 -0.2776898352947065
-0.2601487418828995 -0.36120629636214696
-0.3097879507010639 -0.28260568609545056
-0.2672788916279274 -0.4682004184424623
-0.2214622834443305 -0.39978117665555807
-0.1810231267273465 -0.31154072949226463
-0.3086790307879092 -0.41707523084878184
-0.2724700179976475 -0.3895534160751479
-0.26977022544567597 -0.31924768678844917
-0.22797865130193587 -0.2856622658802108
-0.2562351466998523 -0.29329577631718934
-0.18485548741529922 -0.3484296928753858
-0.22542179105377722 -0.3301028110421469
-0.20905646043952256 -0.3068674152151547
-0.41495769533287086 -0.14283554403220527
-0.4529869936725892 -0.11249999999999999
-0.45612398769755685 -0.16250000000000003
-0.4110332354873642 -0.09891080561831714
-0.32887355985305466 -0.12838905431384148
-0.41495769533287086 -0.06952298074305299
-0.36609962898086623 -0.10290898029988807
-0.4685406348850632 -0.0837796546870862
-0.47179576837285464 -0.13641834703809294
-0.41642828903558166 -0.1926786894043337
-0.3697960019024713 -0.14824278233287494
-0.32119736781015773 -0.07724078637136532
-0.428513602337045 -0.167378851895396
-0.454663230133182 -0.20177490306948062
-0.4105538548328315 -0.22328075472337308
-0.3897735593873162 -0.12379628010720267
-0.3951097304469027 -0.16836441416842363
-0.3244235232520339 -0.1896629245677107
-0.34322503086844747 -0.22233431970480885
-0.36286238463092635 -0.18928797362047145
-0.30904981740532617 -0.2363023330139587
-0.3374289593911387 -0.10095493845416965
-0.2848191449451898 -0.10885047539556636
-0.316317943037306 -0.0029142006813480115
-0.35410793826567555 -0.07177782269874547
-0.33179509983099365 -0.03922160557422093
-0.30190805497145595 -0.0513773152510147
-0.38209262873294164 0.003671786613439759
-0.41904684056620073 -0.023711190678975896
-0.45238966331507446 0.012500000000000011
-0.3502353347566828 -0.009908372457360357
-0.3400748413350259 0.02655577550211806
-0.37754542032596505 -0.02981767345662134
-0.47018231756083345 -0.22734330526906948
-0.33885702549352975 -0.15991263492530755
-0.38893158477594925 -0.20225905525550666
-0.2929577290758434 -0.08147891405127858
-0.2901029202087161 -0.15637185070409637
-0.14935980627027082 -0.12236676801266244
-0.4580237761524306 -0.02614424999759985
-0.4167694031334136 0.011842273543799083
-0.2887233632881303 -0.19213059271550992
-0.20964041480376255 -0.17602890770235402
-0.2514809836310232 -0.17278781532859122
-0.23343072569887724 -0.21145869106075313
-0.22626710026452318 -0.1189805607040949
-0.24342695423830182 -0.24949524124261832
-0.1793355843176493 -0.2220801506083101
-0.2588640340994663 -0.13651695056616142
-0.22871972359323708 -0.1506424645804297
-0.1878653032076048 -0.13980091653459975
-0.21051499272683966 -0.23781288897089434
-0.20415379401208053 -0.20541527522598016
-0.16385070548165087 -0.17889311884301926
-0.25195134824702203 -0.09315500851041564
-0.17656138338858868 -0.02314220921121042
-0.22055218109864438 -0.05136925854874759
-0.13556791261915824 -0.21340362239765498
-0.17386124084980809 -0.07574280891231822
-0.19381047520247463 -0.10494141007141332
-0.24048796542995288 0.028092442446776708
-0.29082803580794087 0.06274975257818846
-0.32134546290710686 0.05267238204505778
-0.10904504406174464 -0.16282231434419536
-0.025685909646815705 -0.24049679269042468
-0.1902419577251241 -0.050214076036599414
-0.21993617715892425 -0.08452219491278433
-0.2546403452502295 -0.017689833257086965
-0.13303817613373403 -0.1824856838873312
-0.08335079143925758 -0.23799747224859932
-0.2485530108316706 -0.04561926639169765
-0.21498854151705843 -0.011647453341174945
-0.2794070273721067 0.015044686397893067
-0.26719546303231484 0.04318791883245836
-0.20659278148850085 0.11923481029535796
-0.248185651947896 0.09020972024458986
-0.30751433054675015 0.02590268867892854
-0.288011170489822 -0.020871398805000267
-0.11461292674320525 -0.23664250382775867
-0.09739990210721507 -0.2008207216946424
-0.05304712757749606 -0.20530274623616337
-0.199468041075415 0.06471130097828595
-0.1840446852085754 0.02181967868400215
-0.26157100543356554 0.15370467006602911
0.04762322818963825 -0.15527056339652742
-0.2172002101118734 0.09012144814432359
-0.21100057398297278 0.036345483165496295
-0.11735066560462402 0.009816310240295723
-0.24139931906602566 0.12479870158961334
-0.2935435657570649 0.11380618681219645
-0.32573423308790495 0.09155692279073024
-0.3442833674068088 0.15280584397621222
-0.3251750266481896 0.12515952542780623
-0.30301032465067185 0.16090585761178958
-0.27555851569146006 0.1960454971943673
-0.33062049647412156 0.19238959011196666
0.0023485172915604924 -0.19046888119271435
-0.15284093910551855 0.003909431309854966
-0.1425748552602118 0.06095061941015775
-0.27760386194453734 0.08905353681469205
-0.2905242833561282 0.2941612902138493
-0.32378103653249507 0.24847940854744066
-0.3383890787107519 0.22179877568665518
-0.30261668371028444 0.21955223520052933
-0.022220554776790597 -0.20956983157903603
-0.17184137897278662 0.05042669921177211
-0.4615531659515846 0.41189661835553143
-0.46379806234343657 0.3757564340349068
-0.42183037602946427 0.30917304185607397
-0.43494502691315495 0.3474247104260602
-0.46090207924902254 0.3171512653518814
-0.3955190485073164 0.33956795079205326
-0.36696389145258396 0.28826355913882984
-0.3635339685005632 0.2503632735383011
-0.39589397255455167 0.37534529674419825
-0.3683355805910954 0.3971590909090909
-0.3155479338878534 0.38822617555937955
-0.4028315699860806 0.42078802624591183
-0.39058791942529775 0.3087136792129412
-0.4070447505172308 0.2655309529111938
-0.4543134189343004 0.2625
-0.3918961350136644 0.4600537166515755
-0.44584176791679175 0.2912441186475187
-0.3577494477898524 0.46618398967056385
-0.3128872357316048 0.4424712187684527
-0.46994658642354115 0.34607846674804105
-0.42936264237716343 0.24348514203949548
-0.400807612669827 0.22308754813021428
-0.4008794835017293 0.16515900734980232
-0.45119225841030064 0.1625
-0.4208460686416484 0.4697525168535772
-0.33321356700053784 0.416280442661775
-0.28489274071814735 0.42196455039525693
-0.29033310370423043 0.4676266333323631
-0.3273126983894422 0.46947348793204313
-0.42352309203690747 0.1162836102190373
-0.3733051348748103 0.10915454071701484
-0.42700552406515224 0.1821769289360793
-0.4251311996695434 0.14671164094846773
-0.3761716782857835 0.14253365380454397
-0.40190724275035783 0.08811308485129137
-0.21598630497397525 0.42196455039525693
-0.08503174259023641 0.41624449658278045
-0.0625 0.45602430003835387
-0.11249999999999999 0.45455081035167133
-0.044511659985715386 0.41956447333243113
-0.03323340500108657 0.46904419015035825
-0.08800005892491991 0.4722560799644589
-0.12408200224741239 0.41724424915345354
-0.14969869842904626 0.3859581860053862
-0.18798494583709097 0.39449414429935714
-0.09113690884171365 0.3450989745474914
-0.22537897046600477 0.3843838514283699
-0.10544225846459288 0.3821612610079278
-0.25885040820696215 0.3399215369771656
-0.19831873391318044 0.35850669776758537
-0.1265955541405201 0.35270454240423826
-0.060964806665025295 0.3780367838365116
-0.2503675097662535 0.3683654559227071
-0.2873424489333592 0.36390568397971673
-0.20203243273493554 0.2820259834007507
-0.12469953058926261 0.27508382045917595
-0.11632621166521442 0.3141218714362932
-0.2922299528157436 0.3291838818795184
-0.3301769050790461 0.30978295970647773
-0.19053354481274928 0.31979814899684816
-0.06859562181577222 0.2834670521449383
-0.33636144658658884 0.2781522998600489
-0.3260729072646343 0.34856716118697656
-0.2236883314656386 0.3332671162279305
-0.16228801126983974 0.2905630584025359
-0.09822347356920194 0.2898219660188739
-0.16890271330804044 0.22457408234216886
-0.15435780847128633 0.2564421235841188
-0.026291519896657498 0.3314450435162703
-0.14791533631448006 0.31913658374026876
-0.03266758498237175 0.36289770867648846
-0.07705371724729579 -0.40883687123990314
-0.0875 -0.45467690182932535
-0.036640347411120835 -0.44215679015254555
-0.12018276666984913 -0.42311867603699743
-0.027848505696796158 -0.3903248308911713
-0.06521416021437701 -0.4356452297537501
-0.057285605105360196 -0.4678528944125443
-0.0018943332420929548 -0.46067356964061135
0.04193544063448566 -0.45673927109542967
0.07384095403321356 -0.398430091042852
0.04766037428784232 -0.42198823905194977
0.08940660802345168 -0.4467126548347679
0.03538644194714052 -0.3820214636168614
0.11592488044521113 -0.46753073247194443
0.0027471897827618264 -0.3783917137883508
-0.12972732388985325 -0.4611122139458212
-0.11263902458279378 -0.37363697460540735
-0.13948560209872873 -0.334499576875084
-0.017355422867974382 -0.41876631342694964
-0.02866555518573141 -0.4713954440590279
0.06951514134590157 -0.4699259935267102
0.1094672430975711 -0.413595012480241
-0.13584703145968102 -0.39541468558158477
-0.10381017247458299 -0.40029887093638844
-0.06640693967461749 -0.36248610266753023
-0.13871977471139976 -0.36275075177463256
-0.14535408943967262 -0.2960623304167319
-0.08698609551157432 -0.3068174893860419
-0.10046759967804456 -0.2715993280856038
-0.11803447425604095 -0.3115578658283597
-0.055388820727235354 -0.27453262073711726
-0.056359558529717566 -0.38919215480711356
-0.02792349332522769 -0.349806370587085
-0.01096721122621384 -0.3009719407947012
-0.05668478282459144 -0.32725400786406483
-0.09587149983645335 -0.3417402597857379
-0.05477170000103147 -0.24509246798670625
0.06646683829466699 -0.2905291874203989
0.06159428279245588 -0.33989917854873375
0.06319692437792548 -0.3701105187956562
0.10066086756899598 -0.3721896267334339
0.12802751368680212 -0.3294834781763094
-0.02384911195868819 -0.2720784687896873
0.02401506357865309 -0.2680570236549291
-0.041216267298475676 -0.3012576228287235
0.029580100552524777 -0.3093223234446126
0.17110641442516888 -0.34710963550095303
0.22532204115085314 -0.3472232817796239
0.21949928349849646 -0.3887955725023021
0.252135177153375 -0.3350790363169468
0.1981776517594152 -0.36461526854985293
0.1342376077240801 -0.29392757988647067
0.10132549796869726 -0.272819326718939
0.09782571425834495 -0.3090920508077653
0.0945800458365402 -0.20485964383455366
0.10810466742947818 -0.23783184188553763
0.15298323322088184 -0.20016355435387947
0.06069492567382924 -0.23801861136574648
0.13719030920603065 -0.226916270315401
0.19826485850528244 -0.32301277670239764
0.09365170927963493 -0.3408920844159187
0.18382191581813867 -0.21510199939621305
0.05347936197211503 -0.19675196185758284
0.02971510193818592 -0.1789528108652535
0.024287689834210938 -0.22312034270315886
0.05254960896964611 -0.2654864464401784
0.004050005232548299 -0.2454667302105463
0.41581573521853465 0.04209799208976162
0.4536327745285467 0.01250000000000001
0.4563636839815767 0.0625
0.41217802638069734 -0.0015080800101637815
0.41581573521853465 -0.03062263128507922
0.4141281582682913 -0.08621211225451747
0.45796420740691535 -0.0875
0.43664562041711 -0.06645289965421722
0.435441792636002 -0.10742778582127128
0.4687853123136947 -0.016180097680309938
0.4720121504749923 0.03657073043414769
0.417065261798839 0.09010911444512834
0.46905443529162166 -0.05762153572552381
0.45727802082830377 0.10557441989970087
0.3867713100686499 0.11942698476192312
0.33290390814829335 0.05507565389459071
0.3737198128504977 0.07563076325842723
0.35940552878687165 0.008380966360199645
0.3835854211805593 -0.008337688891878477
0.4625033851659315 0.1433040775792756
0.43442688575933036 0.20042312513893173
0.43950892823659143 0.16746123546522795
0.4671384770569763 0.18859385895645683
0.3862952793334478 0.1761295078863071
0.37685440149321053 0.14769698978744278
0.3374063942120384 0.09693640206566895
0.23079248288372428 0.14842762878049556
0.2887511466902242 0.13231349695991929
0.31968639808356236 0.12371263065079967
0.2886370373774468 0.08100945405967507
0.4008574191010167 0.0665091149574791
0.36489045793878516 0.04236179941851323
0.2504234103570406 0.10674659631000691
0.28349050117439173 0.02147787894869751
0.3902530528009679 0.022917478835363672
0.25856966556079686 0.13604672069111523
0.2816308508253965 0.19861766832471422
0.25787482384042393 0.17183800778403965
0.31595963251490866 0.16893883538958007
0.23213286160844399 0.21860022367991638
0.14101446779918325 0.08068058831415166
0.3002122441692441 0.05002052335501259
0.2433053013308677 0.05494015870779671
0.2865180796976462 0.16239149696825816
0.3511034443033349 0.17276904158702663
0.364144478072477 0.22214941605392446
0.19299170698794216 0.10516082194320547
0.25957506692614674 0.0790969492372275
0.23132819417760114 -0.0003038259931779502
0.39908114920359217 0.2106246274504249
0.4252953260123507 0.23511744319844435
0.4621337980259004 0.22626447091037083
0.3289772727272726 0.28176026442086133
0.32261706940454526 0.21133237858195647
0.3358536346761911 0.2456381421274702
0.3613702018953364 0.26921115318402605
0.29997074951128566 0.25752289038958426
0.38819467610256514 0.3155375533850395
0.27754109555509954 0.23219863386778772
0.22136053046644374 0.11852196688615002
0.2208665031386393 0.08277351884116724
0.25172746303412885 0.024193868173592994
0.41189661835553143 0.4615531659515846
0.3757564340349068 0.46379806234343657
0.33751279847049354 0.43154671071554124
0.34093594686217876 0.46628786032247027
0.3136382030782342 0.38386212816501236
0.3613283404840961 0.4011206342108609
0.3971590909090909 0.3828795653850251
0.39371801071775614 0.34906996690885134
0.431203920064719 0.40111710812472046
0.4634219645175272 0.3823161439539837
0.3129126740967422 0.41404441126321395
0.46561424516850447 -0.1550976001860473
0.4663507167413849 -0.12124776834223468
0.16465028456861225 -0.4098087139110799
0.050846638872496595 0.4617544614751004
0.01951181233121025 0.4519389939997304
0.006167555304497823 0.4162444965827804
0.04050507437005709 0.36927473407540023
-0.31215919186027363 -0.4669418711263067
-0.4620519308410902 0.04920595385526807
-0.10193722495667165 -0.06769577369652177
-0.12851246311064043 -0.03269177611804951
-0.0870284284851106 -0.028786892547320413
-0.13834379498587732 -0.06774581667188281
-0.06476326656721945 -0.059629038459844984
-0.07160434964741505 -0.11779105175668786
-0.0781697972034855 -0.08753548155428226
-0.11343474661624416 -0.10562570874001238
-0.12160060073850724 -0.13501917087854065
-0.08377431956661918 0.004979593982504154
-0.030418872004664567 -0.09315200044564381
-0.003512030806640555 -0.13826721135091896
-0.08668642320909975 0.06079233038668143
-0.07313500023300577 0.03351705423752729
0.016632197694174185 -0.09567187159944271
-0.03754428162249377 -0.12798287927049787
-0.006030765803747129 -0.07830599159027654
-0.007739263295940126 -0.1102070808440961
0.02851231019103895 -0.127351209382488
0.11555576714870368 -0.08827001824788516
0.06632829964623366 -0.09510252496996366
0.09733304821375398 -0.13773283796792268
0.08516773295388005 -0.05008306520186431
0.041220821651335934 -0.07274280045876155
0.0932244786893201 -0.10813104158883624
0.08906546334385476 -0.07816578855811743
0.1576903398765105 -0.023556165942332646
0.12584647219884443 -0.048896562666789004
0.1078945514800645 0.0063410253852813
0.10479865702635324 -0.025201056897459197
-0.16879946195022755 0.09644611012536915
-0.1559309890188916 0.16052050783789812
-0.17385716738680224 0.13079130950254336
-0.20578967070153098 0.1703152243141604
-0.17607410150874503 0.18978151523468706
-0.20047316739604393 0.21294597269048635
-0.19531769808051055 0.24761994442334218
-0.2386882198990291 0.17882734705330128
-0.4651580163312335 0.22913188622302635
-0.46560058249635805 0.19425960162161346
-0.36848322051722693 0.17775838412668996
-0.46125517364157353 0.12508467591209554
-0.4559546571521517 0.087085474185677
-0.2467977056305654 0.42196455039525693
-0.19075021528541228 0.45744989530941504
-0.15241374888172257 0.46152336280195483
-0.22707610104735965 0.45656751267529583
-0.36070253471314323 0.327334240505863
-0.2454879673633058 0.2938572433861165
-0.2678824309091909 0.3123312549029097
-0.2682878943512276 0.25227280984276074
-0.2312596985154317 0.25846369758459387
-0.2969588770671221 0.2638991988344438
-0.2622342605787915 0.22290629893757313
-0.03760890160957018 0.2987844290683516
-0.06143868506211641 0.32533292494331073
0.33898571891948337 -0.09586063442059191
0.30981241365607803 -0.1503053765743596
0.321134649261746 -0.1812362272053994
0.27431406135555086 -0.18083722290343687
0.24362867146711936 -0.10925805650318499
0.19542827519581668 -0.15184136064911155
0.18088327243099916 -0.18186782741786175
0.14613441992912063 -0.14649919514038626
0.24679531363101953 -0.19872110518877917
0.23864653214406067 -0.15606808327818786
0.219346541443571 -0.13034377835849836
0.1923542446125182 -0.07473528548110407
0.16009483891582832 -0.05925617358186544
0.15858703283415546 -0.10375336522506876
0.12569002757945336 -0.12009175421788404
0.11634180997736043 -0.1721322806418907
0.08057294445691796 -0.1694460308187231
0.21498012514055362 -0.18064436076079993
0.2728407891733859 -0.1360373404761444
0.30341775362346296 -0.11184051972255259
0.30514877781911365 -0.06811996584735253
0.3461485289110896 -0.05261693196287795
0.26626830790035527 -0.0765453046086064
0.37509182631566207 -0.07962611707128048
0.229959059466438 -0.04918737614841168
0.3720192831036389 -0.12106053010423483
0.33855942784370585 -0.13067059860507954
0.40111433327163754 -0.13978027965436116
0.17274357712062094 -0.1310641634957078
0.22474621858233262 -0.08196426440647542
0.24710138124885345 -0.025206551283740115
0.19826968569956405 -0.023838868920876274
0.18139011450370918 0.034856373995318525
0.21027881982501617 0.051276326791427546
0.20016695209091706 0.008481480757418506
0.34427393245374543 -0.16092488144640385
0.19568596184653914 -0.10747333482244266
0.3164308503573225 -0.01415210234934302
0.3213993537722476 0.021239417220570572
0.3026290204611287 -0.039430006479270904
0.2860401607182775 -0.009206796436832362
0.34738831355124283 -0.02094682445004055
0.15853407396437103 0.3019642315208103
0.14508210996780507 0.18516389610908937
0.345022908487273 0.32242729878186804
0.3634130469188486 0.2989575966032722
0.3293032019744525 0.35313073945863516
0.27727524348902444 0.3459682681095756
0.2867136985781438 0.30125564429080254
0.3112649719953121 0.32451958438805534
0.275473204946701 0.38409138838745294
0.2196264160759123 0.31932023328734555
0.24240036475468288 0.3457334790968302
0.2538551729564843 0.3128322837386779
0.42196455039525693 0.29314438222913475
0.4606934921898223 0.2998593218452412
0.4223998412818788 0.3284603201021443
0.30413318326211464 0.46330893574206783
0.4684489297589855 0.4150230205042367
0.0052565874129556316 0.3536268036752967
0.01175915812313666 0.31085289524617854
0.07357424030194522 0.2428676472897529
0.0344324090481543 0.26937330404351795
0.09020399156617856 0.3095792677988464
0.06967777104351526 0.27926747935911794
0.12032200645587886 0.26628029259468144
0.05104288405421078 0.3139922177403658
0.07460621062557832 0.34712940097690537
0.03277808824823792 0.33915623292524477
0.1290448184513659 0.3477277968198941
0.13027171352774583 0.38860404570179063
0.06939067854731062 0.37642659253635435
0.10194595825506969 0.3364713231590028
0.18249708953379173 0.36657997112546087
0.21040815095493173 0.3502930432547791
0.18024622334306303 0.3306634524483612
0.15212493144140438 0.3674915873388333
0.12381908850293567 0.30083707365986895
0.11422295729447904 0.22008150291359949
0.1768935757472394 0.2440023757371877
0.1023819682405137 0.3699960306431907
0.10161913490804167 0.2452474136380428
0.045394864205816544 0.1449476687510506
0.15391242516822468 0.26861169028528326
0.14394495892663153 0.23626866572582342
0.07098479438494004 0.1905981224890028
0.08527409603825074 0.21608913006526684
0.028790190336880822 0.2188873575133346
0.10464876372765658 0.14172976152232367
0.10769117034781697 0.18321389333889593
0.04487981236204508 0.2426474656327759
0.00790303457486308 0.24677992390784673
-0.05891664354187984 0.174975584916083
-0.01902633952355346 0.20484716366005098
0.034139827135993756 0.18125442374676176
-0.010327547378407777 0.14757170802120093
0.07581229122839304 0.15789440518839276
-0.06811712516718632 0.2288322561219582
-0.09526491467685834 0.25335684653093166
-0.11739121438494012 0.201575792865181
-0.027277776371228322 0.17429566623012993
-0.04971735768279491 0.20426133119328826
-0.11468147741464865 0.04292161264180287
-0.0330585451964558 -0.16909639686573108
-0.07150844847465174 -0.171489969331787
-0.08508319231492485 -0.14466466811380038
0.06594145866592666 -0.12797380408575795
0.17700236720728454 0.07168990453793937
0.13811383417448259 0.037425276241969056
0.08688144578209109 0.06258575215234675
0.14074426613018318 0.004636722947888607
0.10654491372990452 0.037884424586729755
0.18198960393941718 0.1529190412081396
0.20945211185720833 0.18393435370487318
0.19766133194949473 0.2164012499481063
0.17738388914588488 0.19066279376249887
0.14349580285312744 0.14610360219351848
0.12744584745475615 0.11395377535599316
0.08711883783512991 0.10409878780895529
0.15998574142943128 0.10782016545143644
0.11007811476994783 0.08321029872645068
0.04640515613907261 0.08357441217017647
0.057598780785658193 0.05563787203582509
0.07595168928505598 0.02988791472485813
0.056378773629816796 0.11443353595427422
0.013252927527217843 0.11133044751388577
-0.04377421524995978 0.10001756204879411
0.015200279794947839 0.0799796151048695
-0.017526455516091867 0.11709573844413317
-0.049696862485454046 0.13782960396098196
-0.01742226001304037 0.08077098258131604
-0.10389930719094531 0.14409352412225507
-0.13535552936682654 0.11891609504066715
-0.07994606840568555 0.11372168855511991
-0.06993615303727789 0.08555310495185912
-0.055456527404821085 0.0585466413709174
0.20341168602098458 0.39989905166012557
0.18157290125847178 0.4253011596433215
0.2180697294515223 0.26078116315553446
0.2317427389234031 0.2897077998069015
0.18796743534858382 0.2808891813027364
-0.031568192596867425 0.2414076033729422
-0.05711221384773443 0.25624813153425036
-0.12580904639448592 0.23579063936338843
-0.08350796759363811 0.19848878939611353
-0.12445788358845532 0.16959263918923284
-0.11455693902745334 0.08689342469585594
0.24844234675848353 0.41933864778137914
0.2582061423848818 0.4594958149460512
-0.3892220105043076 0.04446482696630445
-0.17962034700268287 -0.2682171642946771
-0.20777294408267036 -0.26592521579567374
0.46270280683915616 0.3387611778003558
1774
200 201 359
554 543 553
439 202 440
403 535 537
378 564 560
440 204 495
547 535 532
202 439 201
248 413 459
439 359 201
439 374 400
758 487 756
205 496 495
538 542 536
537 535 378
494 495 496
204 205 495
856 207 208
568 554 586
247 459 412
207 856 496
545 541 544
210 211 499
539 533 403
535 533 532
500 499 502
545 347 348
434 435 373
401 213 214
346 347 534
527 530 531
724 216 710
728 715 218
519 530 526
528 530 527
716 727 711
531 523 1064
217 710 216
566 536 542
123 122 862
542 538 547
714 709 710
461 853 854
357 441 356
409 994 984
356 400 443
465 355 443
293 294 476
441 358 439
474 473 409
427 463 389
399 351 352
438 399 437
477 479 464
465 354 355
565 349 350
546 545 398
373 435 465
351 399 438
755 759 768
353 465 435
236 463 235
480 490 489
345 540 344
343 539 342
940 949 939
562 564 557
104 103 867
102 867 103
456 468 455
533 534 532
466 486 483
378 560 537
571 342 403
100 99 867
539 344 533
782 850 256
101 100 867
101 867 102
441 439 400
113 860 114
322 425 321
452 413 454
98 867 99
372 510 514
940 915 949
728 711 715
227 228 472
868 133 862
868 134 133
641 639 657
134 868 135
135 868 136
682 687 380
137 136 868
840 841 971
649 653 406
129 128 862
130 129 862
442 400 374
382 641 646
132 131 862
133 132 862
648 663 647
130 862 131
443 400 373
396 844 846
127 126 862
694 683 688
143 142 874
434 436 510
145 144 874
874 146 145
787 806 776
612 1018 611
514 516 372
653 315 316
137 874 138
600 866 585
352 353 435
37 1041 38
864 868 862
139 138 874
689 677 674
873 1017 869
278 279 426
437 399 372
874 141 140
729 222 223
457 423 458
679 303 304
111 110 860
499 500 498
629 859 619
112 860 113
857 339 561
112 111 860
451 453 448
469 250 251
867 105 104
105 867 106
988 965 966
821 829 820
106 860 107
108 107 860
679 676 675
859 860 619
455 449 452
351 438 350
109 108 860
419 795 797
121 862 122
123 862 124
969 271 272
451 387 452
126 125 862
868 874 137
438 437 398
124 862 125
696 632 695
398 545 565
116 115 860
862 116 860
682 681 405
852 297 298
862 117 116
862 119 118
724 214 215
438 565 350
450 448 367
474 422 473
120 119 862
115 114 860
622 624 668
151 874 152
724 712 401
529 531 530
253 458 252
252 469 251
561 571 560
757 388 756
340 341 571
857 337 338
471 470 460
403 537 560
423 469 458
471 229 230
857 402 900
898 660 671
851 472 460
852 473 422
337 900 336
646 641 643
985 461 855
670 899 667
481 472 411
337 857 900
460 472 471
95 94 867
256 257 782
204 440 203
406 662 425
91 871 92
92 871 93
449 468 483
93 867 94
475 474 462
658 652 896
652 329 330
462 476 475
329 652 654
382 639 641
332 897 896
1051 476 462
652 330 896
475 295 296
359 439 358
867 97 96
860 106 867
994 985 981
479 477 367
639 638 324
432 477 478
322 323 638
320 321 319
464 478 477
324 638 323
478 464 388
453 480 489
321 425 319
638 425 322
485 480 486
411 720 722
318 425 662
382 638 639
227 481 226
639 324 325
490 488 489
653 316 662
480 453 483
293 482 292
655 315 653
314 655 666
449 483 453
916 466 467
664 648 383
314 666 313
880 182 181
665 312 666
483 468 467
485 484 490
407 901 904
904 673 902
483 486 480
487 490 491
306 307 903
675 676 674
491 493 487
902 903 307
466 485 486
310 407 904
466 916 917
302 303 675
418 1062 482
90 871 91
482 476 418
87 86 871
420 972 426
762 769 750
902 307 308
82 871 83
594 563 608
356 441 400
871 85 84
471 472 228
645 379 634
630 637 629
867 93 871
282 426 281
897 333 661
77 1049 78
79 78 1049
48 1041 49
80 79 1049
432 450 367
80 871 81
1049 76 75
524 375 856
431 230 231
437 513 546
80 1049 871
871 84 83
734 731 725
617 620 607
434 373 436
249 413 248
70 1049 71
637 888 613
685 674 680
427 368 433
68 67 1049
1049 1044 1040
358 441 357
68 1049 69
412 413 387
637 613 618
374 439 440
77 76 1049
66 65 1049
646 649 382
399 435 434
453 479 367
61 60 1044
65 64 1044
318 319 425
65 1044 1049
1013 1012 1057
1044 64 63
665 311 312
1044 60 59
851 386 730
664 901 407
59 58 1044
1056 698 1012
391 429 428
1044 56 55
427 391 428
67 66 1049
442 360 436
450 433 446
1044 54 53
1044 55 54
235 428 234
443 373 465
1044 53 52
1008 1009 996
494 442 374
1044 58 57
423 456 455
452 387 413
51 1041 1044
304 305 676
497 237 238
368 427 389
678 300 301
1041 51 50
457 424 941
694 703 913
423 452 454
52 51 1044
456 467 468
48 47 1041
356 443 355
88 87 871
678 302 675
489 488 479
448 447 387
483 467 466
509 507 508
872 157 874
430 478 388
874 149 148
874 150 149
827 268 269
151 150 874
475 476 294
476 482 293
153 152 874
154 153 874
532 534 544
352 435 399
874 155 154
155 874 156
412 447 444
874 875 872
353 354 465
717 410 716
371 833 845
456 416 467
881 158 872
881 162 161
158 881 159
162 881 163
468 449 455
158 157 872
447 446 444
843 842 371
164 163 881
164 881 165
469 423 454
414 430 388
881 167 166
167 881 168
1051 987 1050
165 881 166
372 399 434
169 168 881
437 372 513
578 528 527
412 387 447
230 431 414
881 170 169
221 717 716
172 171 881
881 880 177
497 368 389
881 171 170
445 244 245
481 227 472
173 881 174
872 876 878
433 432 391
719 720 718
881 177 176
177 880 178
232 431 231
881 176 175
413 249 454
881 173 172
244 445 390
442 373 400
180 179 880
877 883 882
414 429 430
444 445 412
880 183 182
880 184 183
391 427 433
880 181 180
362 568 586
521 210 499
185 880 186
186 880 187
540 533 344
786 262 778
188 880 189
189 880 190
459 413 412
880 188 187
488 758 464
185 184 880
447 448 450
178 880 179
723 741 713
722 224 225
849 457 458
221 222 717
528 578 518
481 225 226
504 529 530
530 519 504
229 471 228
1064 579 583
717 719 410
471 230 414
524 525 506
509 524 506
920 921 765
429 233 428
518 520 526
578 583 576
234 428 233
501 505 525
233 429 232
498 519 525
414 470 471
463 427 428
503 522 500
237 389 236
505 521 499
552 518 511
237 497 389
521 501 856
236 389 463
241 497 239
523 531 529
525 519 506
239 240 241
242 497 241
526 517 519
520 518 552
368 497 390
529 504 376
390 497 243
526 515 517
463 428 235
519 522 504
244 390 243
459 247 248
412 246 247
444 368 390
550 549 551
515 507 517
450 446 447
372 516 513
837 944 954
203 440 202
887 193 192
194 193 887
457 456 423
448 387 451
197 196 887
198 197 886
419 797 799
195 194 887
209 210 521
849 253 254
509 506 507
253 849 458
516 514 512
515 510 507
454 250 469
452 449 451
552 549 550
538 536 553
456 457 416
403 533 535
254 850 849
788 783 782
535 538 378
581 580 575
367 448 453
191 880 887
520 515 526
524 509 375
261 786 777
510 372 434
788 259 785
510 515 514
783 780 781
506 517 507
260 261 777
506 519 517
481 722 225
530 528 526
829 832 834
1036 22 21
556 557 564
190 880 191
499 211 502
13 1037 14
1025 886 1022
972 276 277
19 18 1036
605 631 593
445 245 246
24 1036 25
1036 26 25
72 71 1049
540 346 534
21 20 1036
23 22 1036
430 432 478
1036 1035 33
1036 20 19
431 232 429
7 1037 8
458 469 252
16 15 1037
432 367 477
1037 6 5
1037 7 6
418 1050 1061
1025 1037 886
518 526 528
479 488 464
804 805 801
1036 18 1037
401 502 213
482 291 292
9 1037 10
801 805 791
250 454 249
11 10 1037
8 1037 9
847 972 846
415 777 779
13 12 1037
44 43 1041
384 973 855
257 788 782
634 379 627
39 1041 40
1041 41 40
432 430 391
41 1041 42
300 408 853
46 1041 47
855 461 854
1041 46 45
429 414 431
455 452 423
1035 1038 1039
45 44 1041
445 444 390
854 853 408
36 35 1041
451 449 453
844 843 371
958 833 371
31 30 1036
31 1036 32
609 555 557
388 470 414
27 1036 28
28 1036 29
334 661 333
29 1036 30
442 494 360
862 128 127
1003 957 992
35 1035 1041
1023 1032 1035
311 407 310
1036 33 32
1035 34 33
1062 418 1061
992 1000 1003
27 26 1036
368 446 433
412 445 246
453 489 479
2 1037 3
430 429 391
886 0 199
432 433 450
887 880 885
937 939 781
199 198 886
837 809 818
785 260 777
776 777 778
2 1 1037
781 941 784
789 787 778
1037 0 886
266 795 265
508 510 436
520 512 515
789 265 795
508 360 509
827 798 268
510 508 507
368 444 446
798 267 268
498 522 519
827 270 421
505 498 525
512 514 515
810 807 793
521 505 501
826 827 421
968 421 969
504 503 376
731 401 712
397 968 833
1066 969 273
213 502 212
375 496 856
274 275 847
401 500 502
969 1066 970
529 376 734
270 271 421
360 508 436
276 972 847
491 490 484
473 852 461
491 484 770
422 296 297
1028 1052 993
491 366 493
300 853 299
490 487 488
492 750 755
475 422 474
295 475 294
760 493 366
495 494 374
1062 971 289
482 1062 291
509 494 375
962 963 961
487 493 492
296 422 475
762 760 761
841 839 286
1062 289 290
841 287 971
205 206 496
284 285 839
401 503 500
499 498 505
282 838 426
503 504 522
279 281 426
494 496 375
838 839 396
839 838 284
239 497 238
500 522 498
282 283 838
280 281 279
521 208 209
284 838 283
497 242 243
211 212 502
207 496 206
426 972 278
495 374 440
524 501 525
817 818 809
373 442 436
490 480 485
494 509 360
589 611 600
529 734 726
492 755 768
342 539 403
344 539 343
346 540 345
534 533 540
546 541 545
536 569 554
548 542 547
550 551 513
609 557 558
378 538 556
545 544 534
548 544 541
347 545 534
565 348 349
437 546 398
567 546 513
535 547 538
548 547 532
544 548 532
541 546 567
551 542 548
513 516 550
516 512 550
552 550 512
551 549 566
548 541 567
520 552 512
552 511 573
554 553 536
556 553 543
536 566 569
569 573 575
602 586 598
562 557 555
553 556 538
557 556 543
558 557 543
559 562 563
568 558 543
602 609 362
1063 559 563
340 561 339
560 572 561
571 403 560
572 560 559
857 561 402
563 562 555
564 562 559
609 604 555
563 377 1063
560 564 559
564 378 556
398 565 438
348 565 545
551 566 542
569 566 549
513 551 567
548 567 551
558 568 362
543 554 568
549 573 569
575 580 569
589 600 585
120 862 121
340 571 561
342 571 341
1063 572 559
402 561 572
552 573 549
576 575 511
574 575 576
585 582 574
511 575 573
575 574 581
511 578 576
584 583 579
577 581 582
591 577 582
518 578 511
1064 523 735
582 585 570
574 576 584
586 580 577
554 569 580
582 581 574
580 581 577
574 584 585
570 590 591
527 1065 578
531 1064 1065
583 584 576
585 584 579
361 589 579
585 579 589
580 586 554
602 598 588
871 90 89
599 609 602
598 577 591
599 602 603
601 737 739
140 139 874
865 861 570
603 597 587
570 591 582
590 597 598
871 82 81
377 563 594
605 607 631
631 620 621
608 563 555
593 631 622
610 589 361
141 874 142
775 773 636
160 159 881
597 588 598
861 597 590
577 598 586
598 591 590
588 597 603
599 592 604
611 589 610
600 595 866
738 737 735
612 611 601
586 602 362
603 602 588
603 587 614
592 599 603
592 605 604
608 593 594
618 617 607
608 605 593
617 606 620
74 1049 75
592 607 605
895 620 891
555 604 608
608 604 605
362 609 558
604 609 599
361 735 737
611 610 601
601 745 612
600 611 595
636 612 596
144 143 874
618 603 614
618 614 637
587 629 614
88 871 89
625 615 626
377 594 622
771 773 766
771 766 763
618 607 592
888 617 613
617 618 613
603 618 592
861 859 587
867 96 95
891 620 606
621 620 615
624 625 623
622 594 593
621 624 622
671 667 668
621 625 624
660 898 659
625 621 615
671 668 623
615 895 626
623 625 627
632 908 906
627 379 898
625 626 627
910 635 908
742 752 751
874 147 146
858 860 859
629 619 1016
1016 867 871
72 1049 73
620 631 607
622 631 621
701 692 697
686 690 691
634 627 635
643 650 905
635 627 626
633 699 645
626 363 911
633 634 635
636 596 775
1017 636 628
629 637 614
888 637 630
382 406 638
638 406 425
326 657 325
327 642 657
328 329 654
645 651 659
325 657 639
643 641 640
328 642 327
640 641 642
650 643 640
643 364 646
651 645 644
699 632 696
633 645 634
650 651 644
364 647 646
646 647 649
648 647 364
647 381 649
632 907 695
901 664 383
653 649 381
382 649 406
651 650 640
644 696 905
640 642 654
658 659 651
330 331 896
651 640 654
653 381 655
316 317 662
328 654 642
651 654 652
381 656 666
315 655 314
663 656 381
656 664 665
327 657 326
641 657 642
659 658 404
651 652 658
404 669 659
659 379 645
404 896 897
668 377 622
899 334 335
661 670 669
662 317 318
406 653 662
647 663 381
664 663 648
665 664 407
664 656 663
311 665 407
666 312 313
381 666 655
665 666 656
672 377 668
669 670 660
623 668 624
668 667 672
659 669 660
897 669 404
899 670 661
671 670 667
898 671 623
671 660 670
900 672 667
672 402 1063
673 684 682
902 673 405
674 676 680
678 677 408
677 675 674
675 677 678
903 305 306
676 903 680
674 685 689
854 677 384
300 678 408
302 678 301
303 679 675
304 676 679
405 681 680
688 681 380
682 405 673
688 685 681
673 901 684
380 681 682
702 707 697
473 461 985
690 684 383
682 684 687
681 685 680
685 683 689
383 691 690
909 894 692
701 684 690
701 686 907
707 702 693
683 685 688
912 913 698
384 677 689
691 383 648
690 686 701
364 905 700
686 691 695
693 702 705
380 687 697
705 692 894
1060 1016 870
707 688 380
703 694 693
700 691 648
696 644 699
700 696 695
905 364 643
701 697 687
702 697 692
1015 1058 1006
698 1056 912
645 699 644
699 633 910
691 700 695
648 364 700
701 687 684
907 906 701
363 893 894
707 693 694
1012 703 693
703 698 913
889 891 890
606 617 888
692 705 702
1013 704 892
384 689 708
913 708 689
688 707 694
697 707 380
913 689 683
973 708 706
712 724 710
714 711 740
715 217 218
710 709 712
711 714 715
728 220 716
732 712 709
731 503 401
723 410 721
725 732 733
715 714 710
711 727 740
217 715 710
728 218 219
221 716 220
727 716 410
224 722 729
720 730 718
749 386 750
719 721 410
720 719 717
721 719 718
720 717 729
720 411 730
747 746 754
721 385 723
411 722 481
722 720 729
741 723 385
723 713 727
214 724 401
724 215 216
709 740 733
529 726 523
725 733 744
1064 735 361
723 727 410
727 713 740
220 728 219
711 728 716
222 729 717
224 729 223
851 730 411
749 730 386
503 731 376
732 731 712
733 732 709
731 732 725
745 739 751
738 735 726
731 734 376
744 734 725
523 726 735
726 744 738
741 733 740
737 601 610
361 737 610
737 736 739
726 734 744
737 738 736
743 733 741
743 753 736
714 740 709
741 740 713
742 741 385
736 744 743
754 742 385
745 751 596
742 753 741
753 742 751
743 744 733
738 744 736
612 745 596
601 739 745
721 747 385
761 746 762
721 718 748
748 718 749
718 730 749
747 721 748
386 755 750
748 749 769
760 750 492
762 747 769
753 751 739
742 754 752
764 766 761
751 752 775
736 753 739
741 753 743
747 754 385
754 746 774
759 851 757
470 757 460
755 851 759
464 758 388
388 757 470
759 757 756
487 758 488
388 758 756
768 759 756
851 755 386
493 760 492
760 366 761
764 761 366
766 774 761
747 762 746
760 762 750
366 767 764
767 763 764
491 770 767
766 764 763
770 931 920
945 925 938
930 771 763
774 766 752
491 767 366
763 767 765
756 487 768
487 492 768
748 769 747
750 769 749
931 922 923
767 770 765
616 772 771
771 772 773
881 161 160
773 772 628
773 628 636
752 766 773
754 774 752
761 774 746
751 775 596
752 773 775
778 262 263
776 778 787
779 777 776
785 777 415
789 263 264
789 778 263
810 806 807
779 794 780
781 780 392
415 779 780
935 937 392
784 850 782
257 258 788
782 783 784
780 783 415
784 783 781
941 781 939
424 849 850
785 415 788
260 785 259
262 786 261
778 777 786
419 790 787
787 790 792
788 258 259
783 788 415
265 789 264
419 787 789
800 419 799
792 790 801
791 792 801
794 392 780
801 790 394
792 791 807
791 817 952
935 951 953
810 779 776
794 793 955
267 795 266
419 789 795
825 826 397
394 790 800
798 795 267
797 796 799
796 797 798
798 797 795
821 825 397
812 814 829
419 800 790
820 800 799
813 802 811
394 804 801
1027 813 815
18 17 1037
813 812 815
805 803 808
804 394 814
805 804 803
808 803 811
952 954 951
787 792 806
806 792 807
952 807 791
794 810 793
808 811 835
1037 4 3
791 805 817
823 805 808
779 810 794
806 810 776
813 811 819
835 811 802
814 803 804
812 813 819
819 811 803
812 834 815
820 394 800
814 394 820
966 961 964
1026 822 835
1052 815 370
1037 15 14
817 805 823
809 954 952
808 835 836
947 818 836
803 814 819
812 819 814
821 799 825
820 799 821
831 830 821
829 814 820
1029 1026 1027
947 836 1021
836 823 808
817 823 818
1 0 1037
191 887 192
799 796 825
825 796 826
827 826 796
397 826 421
798 827 796
827 269 270
397 959 831
828 831 959
821 830 829
830 832 829
831 821 397
832 830 828
397 833 959
828 830 831
958 963 828
832 370 834
968 397 421
371 845 844
815 834 370
829 834 812
1026 835 802
836 835 822
822 1033 1021
836 818 823
947 837 818
837 824 944
396 420 838
838 420 426
285 286 839
841 840 839
971 848 840
396 839 840
286 287 841
971 287 288
966 964 393
961 960 842
396 840 843
843 840 848
846 844 395
396 843 844
970 833 968
395 844 845
846 395 847
396 846 420
847 395 1066
276 847 275
964 848 417
843 848 842
850 254 255
457 849 424
850 255 256
424 850 784
472 851 411
851 460 757
297 852 422
299 852 298
461 852 853
299 853 852
677 854 408
855 854 384
973 706 974
1030 1026 957
521 856 208
856 501 524
899 900 667
339 857 338
866 1019 865
118 117 862
629 587 859
587 597 861
858 862 860
109 860 110
570 861 590
858 859 861
858 865 864
858 864 862
611 1018 595
628 772 869
858 861 865
868 864 863
866 865 570
863 864 865
866 570 585
866 595 1019
97 867 98
619 860 867
1017 612 636
156 874 157
876 772 616
863 873 868
1044 62 61
892 893 891
85 871 86
871 870 1016
876 872 875
175 174 881
1018 873 1019
875 873 869
147 874 148
875 874 868
873 875 868
876 875 869
772 876 869
879 882 1020
931 919 920
883 885 880
1020 876 616
881 883 880
929 879 930
929 765 921
927 877 928
887 196 195
872 878 881
881 878 883
1020 882 878
928 882 879
882 883 878
885 883 877
945 948 884
1037 5 4
942 927 921
887 884 1024
1024 946 1022
17 16 1037
884 887 885
197 887 886
1047 1046 1060
606 888 890
1045 1059 1046
62 1044 63
890 888 1046
889 892 891
895 891 363
606 890 891
892 889 1059
893 892 704
894 893 704
891 893 363
705 894 704
906 908 909
626 895 363
620 895 615
332 896 331
658 896 404
333 897 332
897 661 669
627 898 623
659 898 379
334 899 661
336 899 335
900 402 672
900 899 336
684 901 383
904 901 673
405 903 902
904 308 309
680 903 405
305 903 676
308 904 902
310 904 309
644 905 650
700 905 696
910 908 632
692 701 906
695 907 686
632 906 907
911 635 626
909 363 894
906 909 692
909 908 911
699 910 632
635 910 633
909 911 363
635 911 908
974 912 365
913 912 706
708 913 706
683 694 913
914 935 934
923 917 932
936 933 934
917 485 466
949 467 416
916 915 917
933 932 915
484 485 922
925 943 938
770 920 765
924 919 923
877 882 928
931 770 484
921 920 919
927 942 950
921 879 929
485 917 922
922 917 923
932 917 915
924 923 918
918 943 950
942 919 950
938 943 936
885 926 884
877 926 885
945 926 925
925 926 927
877 927 926
879 921 928
927 928 921
879 1020 930
765 929 763
771 930 616
763 929 930
922 931 484
919 931 923
915 940 933
918 923 932
934 933 914
932 933 936
937 935 914
936 934 369
955 392 794
935 955 951
936 369 938
936 918 932
939 937 914
392 937 781
369 944 938
938 944 945
940 939 914
939 416 941
933 940 914
915 916 949
457 941 416
784 941 424
921 919 942
950 919 924
943 925 950
936 943 918
369 954 944
945 944 824
948 945 824
945 884 926
837 947 824
1021 1022 946
1021 836 822
947 946 948
947 948 824
948 946 1024
467 949 916
939 949 416
950 924 918
927 950 925
953 369 934
793 807 952
809 952 817
793 952 951
935 953 934
954 953 951
954 809 837
953 954 369
955 935 392
793 951 955
981 855 982
982 974 980
1004 978 976
1041 43 42
842 960 371
958 371 960
833 958 959
828 959 958
842 964 961
958 960 963
462 984 990
962 370 832
828 962 832
961 966 967
961 963 960
828 963 962
848 964 842
1061 964 417
997 1054 956
967 370 962
393 1050 988
967 966 965
967 965 1053
961 967 962
271 969 421
845 970 395
272 273 969
273 274 1066
833 970 845
969 970 968
289 971 288
971 417 848
972 277 278
846 972 420
708 973 384
706 912 974
976 974 365
980 976 978
1001 1005 1007
997 991 979
999 1000 1001
977 978 979
986 981 977
980 974 976
975 995 978
978 977 980
992 998 995
993 1029 1028
981 980 977
973 982 855
991 983 986
986 994 981
974 982 973
981 982 980
965 988 989
474 984 462
409 984 474
990 984 983
473 985 409
855 981 985
986 977 991
983 984 994
983 956 989
988 1050 987
393 988 966
989 988 987
989 987 990
989 956 1054
989 990 983
990 987 1051
991 956 983
977 979 991
995 1000 992
1029 998 957
991 997 956
979 998 997
985 994 409
983 994 986
978 995 979
1000 995 975
365 1005 976
39 38 1041
979 995 998
1054 993 1052
957 998 992
993 997 998
975 978 1004
1008 1010 999
1000 975 1004
1003 1000 999
1005 1001 1004
999 1001 1008
34 1035 35
1033 1026 1030
1010 1003 999
1030 1003 1002
1005 1004 976
1000 1004 1001
1011 1015 1055
1006 1014 1015
1047 1043 1045
996 1010 1008
1055 1005 365
1008 1007 1014
1001 1007 1008
1007 1015 1014
1043 1006 1045
1040 1048 1049
1010 996 1038
1003 1010 1002
1012 698 703
1013 1057 704
1057 693 705
1012 1011 1056
892 1059 1013
1012 1013 1058
1043 1014 1006
1008 1014 1009
1055 1015 1007
1058 1015 1011
629 1016 630
1016 619 867
869 1017 628
863 1019 873
612 1017 1018
1018 1017 873
1019 863 865
595 1018 1019
876 1020 878
930 1020 616
1022 1021 816
947 1021 946
1022 1034 1025
1024 1022 886
1034 1031 1032
1023 1034 1032
887 1024 886
1024 884 948
1034 1022 816
1037 1023 1036
1027 1026 802
957 1003 1030
813 1027 802
1027 815 1028
1052 1028 815
993 998 1029
1026 1029 957
1027 1028 1029
1002 1031 1030
1031 1033 1030
1031 1002 1032
1033 1031 816
1010 1032 1002
36 1041 37
1021 1033 816
1033 822 1026
1025 1034 1023
1031 1034 816
1032 1038 1035
1039 1038 996
23 1036 24
1023 1035 1036
11 1037 12
1023 1037 1025
1010 1038 1032
1039 996 1009
1039 1009 1042
1041 50 49
1042 1009 1043
1049 70 69
1035 1039 1041
1042 1044 1039
1009 1014 1043
1042 1040 1044
1058 1045 1006
1040 1042 1043
56 1044 57
1044 1041 1039
889 890 1046
1043 1047 1040
630 1060 888
1060 630 1016
1046 1047 1045
1048 1047 1060
870 871 1049
1040 1047 1048
73 1049 74
870 1049 1048
1061 1050 393
1051 1050 418
476 1051 418
1051 462 990
1053 370 967
965 1054 1053
965 989 1054
370 1053 1052
993 1054 997
1053 1054 1052
1005 1055 1007
365 912 1056
1011 1055 1056
1056 1055 365
693 1057 1012
704 1057 705
1012 1058 1011
1058 1013 1059
1046 1059 889
1058 1059 1045
1060 870 1048
888 1060 1046
964 1061 393
1062 1061 417
1062 417 971
290 291 1062
672 1063 377
572 1063 402
579 1064 361
1064 583 1065
578 1065 583
531 1065 527
847 1066 274
970 1066 395
0
82
200 -0.2500000000000002 0.0
240 -0.2500000000000002 0.0
241 -0.2500000000000002 0.0
242 -0.2500000000000002 0.0
243 -0.2500000000000002 0.0
244 -0.2500000000000002 0.0
245 -0.2500000000000002 0.0
246 -0.2500000000000002 0.0
247 -0.2500000000000002 0.0
248 -0.2500000000000002 0.0
249 -0.2500000000000002 0.0
250 -0.2500000000000002 0.0
251 -0.2500000000000002 0.0
252 -0.2500000000000002 0.0
253 -0.2500000000000002 0.0
254 -0.24999999999999994 0.0
255 -0.24999999999999994 0.0
256 -0.24999999999999994 0.0
257 -0.24999999999999994 0.0
258 -0.24999999999999994 0.0
259 -0.24999999999999994 0.0
260 -0.24999999999999994 0.0
261 -0.24999999999999994 0.0
262 -0.24999999999999994 0.0
263 -0.24999999999999994 0.0
264 -0.24999999999999994 0.0
265 -0.24999999999999994 0.0
266 -0.24999999999999994 0.0
267 -0.24999999999999994 0.0
268 -0.24999999999999994 0.0
269 -0.24999999999999994 0.0
270 -0.24999999999999967 0.0
271 -0.24999999999999967 0.0
272 -0.24999999999999967 0.0
273 -0.24999999999999967 0.0
274 -0.24999999999999967 0.0
275 -0.24999999999999967 0.0
276 -0.24999999999999967 0.0
277 -0.24999999999999967 0.0
278 -0.1250000000000001 0.0
279 -0.1250000000000001 0.0
280 0.1250000000000001 0.0
320 0.1250000000000001 0.0
321 0.24999999999999967 0.0
322 0.24999999999999967 0.0
323 0.24999999999999967 0.0
324 0.24999999999999967 0.0
325 0.24999999999999967 0.0
326 0.24999999999999967 0.0
327 0.24999999999999967 0.0
328 0.24999999999999967 0.0
329 0.24999999999999994 0.0
330 0.24999999999999994 0.0
331 0.24999999999999994 0.0
332 0.24999999999999994 0.0
333 0.24999999999999994 0.0
334 0.24999999999999994 0.0
335 0.24999999999999994 0.0
336 0.24999999999999994 0.0
337 0.24999999999999994 0.0
338 0.24999999999999994 0.0
339 0.24999999999999994 0.0
340 0.24999999999999994 0.0
341 0.24999999999999994 0.0
342 0.24999999999999994 0.0
343 0.24999999999999994 0.0
344 0.24999999999999994 0.0
345 0.2500000000000002 0.0
346 0.2500000000000002 0.0
347 0.2500000000000002 0.0
348 0.2500000000000002 0.0
349 0.2500000000000002 0.0
350 0.2500000000000002 0.0
351 0.2500000000000002 0.0
352 0.2500000000000002 0.0
353 0.2500000000000002 0.0
354 0.2500000000000002 0.0
355 0.2500000000000002 0.0
356 0.2500000000000002 0.0
357 0.2500000000000002 0.0
358 0.2500000000000002 0.0
359 0.2500000000000002 0.0
0
