0.3 2000
966
0.05 0.0
0.04990133642141358 0.003139525976465669
0.0496057350657239 0.006266661678215213
0.04911436253643444 0.009369065729286231
0.048429158056431554 0.01243449435824274
0.04755282581475768 0.01545084971874737
0.04648882429441257 0.0184062276342339
0.04524135262330098 0.021288964578253636
0.04381533400219318 0.024087683705085766
0.04221639627510076 0.026791339748949834
0.04045084971874738 0.029389262614623657
0.03852566213878946 0.03187119948743449
0.03644843137107058 0.03422735529643444
0.034227355296434434 0.03644843137107058
0.031871199487434484 0.03852566213878947
0.029389262614623653 0.04045084971874738
0.02679133974894983 0.04221639627510076
0.02408768370508576 0.04381533400219319
0.021288964578253633 0.04524135262330098
0.018406227634233895 0.046488824294412576
0.015450849718747373 0.04755282581475768
0.012434494358242738 0.048429158056431554
0.009369065729286226 0.04911436253643444
0.006266661678215213 0.0496057350657239
0.0031395259764656655 0.04990133642141358
-8.040613248383184e-18 0.05
-0.0031395259764656703 0.04990133642141358
-0.006266661678215219 0.04960573506572389
-0.009369065729286242 0.04911436253643443
-0.012434494358242744 0.048429158056431554
-0.015450849718747378 0.04755282581475768
-0.0184062276342339 0.046488824294412576
-0.021288964578253636 0.04524135262330098
-0.024087683705085773 0.043815334002193174
-0.026791339748949844 0.04221639627510075
-0.029389262614623653 0.04045084971874738
-0.03187119948743449 0.03852566213878947
-0.03422735529643444 0.03644843137107057
-0.03644843137107059 0.03422735529643443
-0.03852566213878947 0.03187119948743448
-0.04045084971874737 0.029389262614623664
-0.04221639627510076 0.026791339748949834
-0.04381533400219318 0.024087683705085763
-0.04524135262330098 0.021288964578253626
-0.046488824294412576 0.01840622763423389
-0.047552825814757685 0.015450849718747356
-0.048429158056431554 0.012434494358242742
-0.04911436253643444 0.00936906572928623
-0.0496057350657239 0.006266661678215205
-0.04990133642141358 0.0031395259764656572
-0.05 -1.6081226496766367e-17
-0.04990133642141358 -0.0031395259764656677
-0.0496057350657239 -0.006266661678215215
-0.04911436253643443 -0.009369065729286238
-0.048429158056431554 -0.012434494358242752
-0.04755282581475768 -0.015450849718747387
-0.04648882429441256 -0.018406227634233916
-0.04524135262330098 -0.021288964578253633
-0.04381533400219318 -0.02408768370508577
-0.04221639627510075 -0.02679133974894984
-0.040450849718747364 -0.02938926261462367
-0.038525662138789454 -0.0318711994874345
-0.03644843137107058 -0.03422735529643444
-0.034227355296434434 -0.03644843137107058
-0.03187119948743448 -0.03852566213878947
-0.029389262614623664 -0.04045084971874737
-0.026791339748949816 -0.042216396275100765
-0.024087683705085766 -0.04381533400219318
-0.02128896457825361 -0.04524135262330099
-0.018406227634233892 -0.046488824294412576
-0.015450849718747378 -0.04755282581475768
-0.012434494358242723 -0.04842915805643156
-0.009369065729286231 -0.04911436253643444
-0.006266661678215187 -0.0496057350657239
-0.0031395259764656607 -0.04990133642141358
-9.184850993605149e-18 -0.05
0.0031395259764656863 -0.04990133642141358
0.006266661678215212 -0.0496057350657239
0.009369065729286257 -0.04911436253643443
0.012434494358242747 -0.048429158056431554
0.015450849718747363 -0.047552825814757685
0.018406227634233913 -0.04648882429441256
0.021288964578253633 -0.04524135262330098
0.024087683705085787 -0.043815334002193174
0.02679133974894984 -0.04221639627510075
0.029389262614623685 -0.04045084971874735
0.0318711994874345 -0.038525662138789454
0.034227355296434434 -0.03644843137107058
0.036448431371070594 -0.03422735529643441
0.03852566213878947 -0.031871199487434484
0.04045084971874739 -0.02938926261462363
0.042216396275100765 -0.026791339748949816
0.04381533400219318 -0.024087683705085766
0.045241352623300986 -0.021288964578253612
0.046488824294412576 -0.018406227634233895
0.04755282581475769 -0.01545084971874734
0.04842915805643156 -0.012434494358242724
0.04911436253643444 -0.009369065729286235
0.0496057350657239 -0.0062666616782151895
0.04990133642141358 -0.0031395259764656633
-0.5 -0.5
-0.475 -0.5
-0.45 -0.5
-0.425 -0.5
-0.4 -0.5
-0.375 -0.5
-0.35 -0.5
-0.325 -0.5
-0.3 -0.5
-0.275 -0.5
-0.25 -0.5
-0.22499999999999998 -0.5
-0.2 -0.5
-0.175 -0.5
-0.15000000000000002 -0.5
-0.125 -0.5
-0.09999999999999998 -0.5
-0.07500000000000001 -0.5
-0.04999999999999999 -0.5
-0.025000000000000022 -0.5
0.0 -0.5
0.025000000000000022 -0.5
0.050000000000000044 -0.5
0.07499999999999996 -0.5
0.09999999999999998 -0.5
0.125 -0.5
0.15000000000000002 -0.5
0.17500000000000004 -0.5
0.19999999999999996 -0.5
0.22499999999999998 -0.5
0.25 -0.5
0.275 -0.5
0.30000000000000004 -0.5
0.32499999999999996 -0.5
0.35 -0.5
0.375 -0.5
0.4 -0.5
0.42500000000000004 -0.5
0.44999999999999996 -0.5
0.475 -0.5
0.5 -0.5
0.5 -0.475
0.5 -0.45
0.5 -0.425
0.5 -0.4
0.5 -0.375
0.5 -0.35
0.5 -0.325
0.5 -0.3
0.5 -0.275
0.5 -0.25
0.5 -0.22499999999999998
0.5 -0.2
0.5 -0.175
0.5 -0.15000000000000002
0.5 -0.125
0.5 -0.09999999999999998
0.5 -0.07500000000000001
0.5 -0.04999999999999999
0.5 -0.025000000000000022
0.5 0.0
0.5 0.025000000000000022
0.5 0.050000000000000044
0.5 0.07499999999999996
0.5 0.09999999999999998
0.5 0.125
0.5 0.15000000000000002
0.5 0.17500000000000004
0.5 0.19999999999999996
0.5 0.22499999999999998
0.5 0.25
0.5 0.275
0.5 0.30000000000000004
0.5 0.32499999999999996
0.5 0.35
0.5 0.375
0.5 0.4
0.5 0.42500000000000004
0.5 0.44999999999999996
0.5 0.475
0.5 0.5
0.475 0.5
0.45 0.5
0.425 0.5
0.4 0.5
0.375 0.5
0.35 0.5
0.325 0.5
0.3 0.5
0.275 0.5
0.25 0.5
0.22499999999999998 0.5
0.2 0.5
0.175 0.5
0.15000000000000002 0.5
0.125 0.5
0.09999999999999998 0.5
0.07500000000000001 0.5
0.04999999999999999 0.5
0.025000000000000022 0.5
0.0 0.5
-0.025000000000000022 0.5
-0.050000000000000044 0.5
-0.07499999999999996 0.5
-0.09999999999999998 0.5
-0.125 0.5
-0.15000000000000002 0.5
-0.17500000000000004 0.5
-0.19999999999999996 0.5
-0.22499999999999998 0.5
-0.25 0.5
-0.275 0.5
-0.30000000000000004 0.5
-0.32499999999999996 0.5
-0.35 0.5
-0.375 0.5
-0.4 0.5
-0.42500000000000004 0.5
-0.44999999999999996 0.5
-0.475 0.5
-0.5 0.5
-0.5 0.475
-0.5 0.45
-0.5 0.425
-0.5 0.4
-0.5 0.375
-0.5 0.35
-0.5 0.325
-0.5 0.3
-0.5 0.275
-0.5 0.25
-0.5 0.22499999999999998
-0.5 0.2
-0.5 0.175
-0.5 0.15000000000000002
-0.5 0.125
-0.5 0.09999999999999998
-0.5 0.07500000000000001
-0.5 0.04999999999999999
-0.5 0.025000000000000022
-0.5 0.0
-0.5 -0.025000000000000022
-0.5 -0.050000000000000044
-0.5 -0.07499999999999996
-0.5 -0.09999999999999998
-0.5 -0.125
-0.5 -0.15000000000000002
-0.5 -0.17500000000000004
-0.5 -0.19999999999999996
-0.5 -0.22499999999999998
-0.5 -0.25
-0.5 -0.275
-0.5 -0.30000000000000004
-0.5 -0.32499999999999996
-0.5 -0.35
-0.5 -0.375
-0.5 -0.4
-0.5 -0.42500000000000004
-0.5 -0.44999999999999996
-0.5 -0.475
-0.41250000000000003 -0.41250000000000003
-0.24319593817514945 -0.18749999999999956
-0.012499999999999473 -0.27502690874595864
-0.2738933628094363 0.037499999999999985
-0.3125 0.3125
-0.41250000000000003 0.4125
-0.03750000000000003 0.2738933628094363
0.2875 -0.2875
0.38750000000000007 -0.3875
0.2738933628094363 -0.037500000000000006
0.26249999999999996 0.2625
0.3625 0.3625
-0.44285714285714284 -0.3625
-0.4571428571428572 -0.41250000000000003
-0.4125 -0.4571428571428572
-0.3375 -0.425
-0.3609502597773345 -0.11249999999999999
-0.1875 -0.33903673995326367
0.012500000000000011 -0.38647166311388453
-0.38729220421188 0.037500000000000006
-0.28750000000000003 0.405
-0.4066666666666666 0.3125
-0.41250000000000003 0.45714285714285713
-0.4571428571428572 0.4125
0.11249999999999999 0.33753691998057966
-0.012500000000000011 0.38591011298323274
0.2625 -0.3926470588235294
0.3926470588235294 -0.2625
0.3875 -0.4444444444444444
0.4416666666666667 -0.4125
0.43333333333333335 -0.3375
0.38729220421188 -0.037500000000000006
0.3802631578947368 0.2375
0.2375 0.38026315789473686
0.4318181818181818 0.3625
0.3875 0.42954545454545456
-0.4310369791943538 -0.11249999999999999
-0.3950786236304145 -0.21249999999999997
-0.2375 -0.4122379818951545
-0.1375 -0.4122379818951545
-0.037500000000000006 -0.43291351880100404
0.03750000000000003 -0.4411713690057546
-0.44433926622518927 0.037500000000000006
-0.37502285430026117 0.1625
-0.28750000000000003 0.45332236842105267
-0.16250000000000003 0.37108552631578945
-0.45417038690476186 0.3125
-0.4240364583333333 0.2375
0.11249999999999999 0.4192493384765937
-0.012500000000000011 0.44363982358222204
0.2625 -0.4470512691377921
0.16250000000000003 -0.4004759266720387
0.4470512691377921 -0.2625
0.4004759266720387 -0.1625
0.4375 -0.4570436507936508
0.44433926622518927 -0.037500000000000006
0.39997676259323534 0.0625
0.44078405147484095 0.2375
0.2875 0.4303444910352805
0.2125 0.43817416136495085
0.4441632231404959 0.4375
-0.445305496284858 -0.1875
-0.43637023416346093 -0.2625
-0.2375 -0.45700918241863786
-0.1625 -0.45344841653439544
-0.11249999999999999 -0.4534484165343954
-0.43813654144252845 0.1625
-0.16250000000000003 0.4361487851022683
0.11249999999999999 0.4605921535724946
0.11249999999999999 -0.43846317397286366
0.16250000000000003 -0.451022949293563
0.4478830054633882 -0.1875
0.4384631739728637 -0.11249999999999999
0.447645175796811 0.03750000000000003
0.4382723537975843 0.11249999999999999
0.46814112256082047 -0.46814112256082047
0.46572093088402766 0.46572093088402766
0.05579232265412908 0.4399207460245442
0.1603787173397983 0.4399207460245441
0.0879137913025195 0.4399207460245441
-0.4348214285714286 -0.3918367346938776
-0.46848214285714285 -0.38221938775510206
-0.3776785714285714 -0.4348214285714286
-0.3812243326488706 -0.46761146963919037
-0.35125000000000006 0.4348214285714286
-0.43041852678571424 0.36128461371527776
-0.43041852678571424 0.27848946707589284
-0.46534236405373025 0.27939881792043875
0.4170557420359098 -0.4326645674135474
0.4078895000797115 -0.46904083470428715
-0.2854574911722602 -0.43462358215689617
-0.1875 -0.4100941064617637
-0.1375 -0.44042623013244536
-0.13749999999999998 -0.4716894708307543
-0.08454925069277092 -0.4083040566036026
-0.2271397450249309 0.42916118421052635
0.21157508818290266 -0.42574943798280085
0.14227111291150205 -0.42574943798280085
0.1320260065949455 -0.4665348264748702
0.15854122263017295 0.3783931292285867
0.18731519791390744 0.4651840996060218
0.14412090167034214 0.4680482922358855
-0.3435471219511642 -0.4625338130081393
-0.3148249164188027 -0.44790724890895045
-0.385942315701791 0.4348214285714286
-0.3685961578508955 0.46541711430168936
-0.3150477493629031 0.42916118421052635
-0.32155489517036745 0.4643654967586455
-0.342810536652345 0.37019646398854805
-0.320158322917673 0.3955491952028921
-0.3685961578508955 0.39969262699257024
-0.3007997667673948 0.35545662977192655
-0.38588413999354615 0.35856041922270726
-0.43041852678571424 0.3311102496048402
-0.43482142857142864 0.39156727530044827
-0.46448980788269933 0.3717922787410176
-0.46963730161472433 0.3403522400345329
-0.46248652190127826 0.2409041460273709
-0.4464760626723862 0.20289325485699994
-0.4065796978713948 0.19007268006736677
-0.46729258541030816 0.17753800277163523
-0.3390367556564715 0.23553066701723574
-0.3794651893495898 0.2682043315940779
-0.36675485990049533 0.20380738594408873
-0.4074181729158571 0.2610790486798559
-0.37187275290837685 0.2362500649341139
-0.256254169750016 -0.43462358215689617
-0.21149419921200394 -0.43462358215689617
-0.1630890002561495 -0.42490285572487274
-0.16093065655707084 -0.3745654232075137
-0.21406934344292913 -0.3745654232075137
-0.1100226737516706 -0.4237573169743654
-0.26215552821584265 0.42916118421052635
-0.24464763662038677 0.46261924879881494
-0.20583729275811818 0.46161808856000897
0.1805296558978061 -0.42574943798280085
0.14507359917334933 0.4095865801453835
0.18541175565690218 0.4083818991745542
0.19824507999878488 0.36985033547055435
0.2178252094473845 0.40612132487363223
0.2543173832650783 0.4134731524578945
0.16722862271087857 0.32223298683837903
0.23306419786715354 0.3177862689973787
0.253175114806267 0.4567872921457424
0.17362797620407486 0.3519748986229514
0.22457621094941943 0.34978482172917286
0.2005707424277195 0.3262920482125178
0.19218610807522657 0.25619579820861055
0.20838042838538262 0.2898082913790511
0.2878043667219081 0.4662392166313506
0.3376432111961987 0.4478679585391084
0.227285248363565 0.2599926344811486
0.2260369994218623 0.1073997121048628
0.24301579862369105 0.2876054361628843
0.2504282032150532 0.18350175253515222
0.3074787262887024 0.3175212737112976
0.24751844838170622 0.2243678699834653
0.2786785435210304 0.29516959827817285
0.27155074548557634 0.34784533509345633
0.3220887940533258 0.25333135536753626
0.2937484684605436 0.2673659690502314
0.19680848036448392 0.2002205628645584
0.2884719667863806 0.387365301363382
0.29703552760467006 0.20735694266643426
0.22689273501778737 0.20236262604185454
0.21263672179533774 0.2312760635077274
0.3228678119436062 0.40964374259355246
0.27856894950002037 0.23417766631020187
0.32393273615993906 0.3703083818625962
0.355349828070443 0.41905575506157183
0.3373003423530318 0.33718367775578933
0.34543332752925826 0.2924023672843704
0.3478680814912537 0.38937999585456
-0.22585263031588731 0.3119713112996387
-0.3961028282778641 0.3870545600777776
-0.3595833333333333 0.3189746954352254
-0.3379555926115609 0.2782171256809686
-0.39835836019389537 0.22002508946852076
-0.19522978345263148 -0.46546268201082397
-0.11390932069871275 -0.37144293556491337
-0.2894417307829305 -0.29050085215766264
-0.17342839301649887 0.4671585147123193
0.22337861949927942 0.4681512625032426
0.31773117976658266 0.47063799048378907
0.26247537189183345 0.31979718814133934
0.3112988152726366 0.1220325308516019
0.3422299115277302 0.21254220627430004
0.3024751834755841 0.3480388567569678
0.31547820632956647 0.2883743626085301
0.3551660210451874 0.26007761460099793
-0.24412903261218724 0.36680036992167875
-0.24464763662038677 0.4004363039983069
-0.20411750264458775 0.3842392388450564
-0.21175079027111832 0.3471325419566058
-0.1751054329393629 0.4036171557090289
-0.19451627569660557 0.4298465213409327
-0.2691060445611606 0.3237523806587373
-0.2732643584752027 0.25522170428045793
-0.30165226163377357 0.2778533443274267
-0.3056531861770553 0.24371485744119276
-0.26925564546396863 0.2893699605989348
-0.2528062587622649 0.14630083948940462
-0.27158407913188787 0.1991555960585721
-0.3196982694214624 0.19066279516735107
-0.3484164625504146 0.17865566851366016
-0.3207199391983605 0.10305635778779237
-0.3182436808812376 0.14683665563093137
-0.35428934791183847 0.1269152565671867
-0.2857176548654301 0.12303677164153018
-0.2911864513753434 0.16967189308964925
-0.4065796978713948 0.12028077909185766
-0.4538021009544928 0.11249999999999999
-0.3628771610521081 0.07928674085333223
-0.2841640425128491 0.07966587798553858
-0.46677255492448183 0.14372773906745295
-0.3233679441599201 0.04778287577856575
-0.19590810584036317 0.07882928669115061
-0.31292186866785143 0.0749826026180579
-0.24014217184611333 0.06805484191187926
-0.24948497646545179 0.10669055007606748
-0.20305626102206678 0.13052793819925784
-0.38515695939961997 0.33051355189419995
-0.380680085284443 0.29795817405982794
-0.33289856102413995 0.3385936955025358
-0.04706249350702766 -0.3483223813192326
-0.24333346799245553 -0.3249819011982407
0.29062182057760605 0.16243042304404126
0.3976184411154879 0.1695938609572359
-0.2752732639401085 0.37516094391784244
-0.24227842937901076 0.3369566347367101
-0.2989315573288722 0.21355017381635377
-0.42389444475177374 0.07817651449640137
-0.43299955469776646 0.13343642702052622
-0.37828461879341047 0.10665331674451187
-0.3560775070325336 0.04728790962427901
-0.3480674129400514 -0.032924611641047916
-0.36038319158673143 0.0063517319032761616
-0.4234822829199829 -0.035003167204805216
-0.38606954047084163 -0.023271752999995413
-0.41592620832949334 0.006422035873060842
-0.3910751120458897 -0.07283078468254497
-0.4574851604434892 -0.003045960636228355
-0.4704424633891619 0.023559157267207757
-0.21781682194854693 0.10214355906374849
-0.09917979867855728 0.11854700147261446
-0.21132212379251167 0.19080199136744
-0.07640165391815937 -0.37169117150557185
-0.03775744135509886 -0.39010656244863573
-0.05632426773854243 -0.4116224757844252
-0.010960852895035213 -0.4113496598688742
-0.014458503350883105 -0.3629898714739523
0.04639567751776769 -0.32034151084420626
-0.014265976388824207 -0.31899087361278894
0.021253343890191977 -0.3492064158625857
0.016542553213215922 -0.29821096200507724
0.1312131875724127 -0.17472592735275036
0.0556026906338407 -0.21949775295185464
0.027558049921198553 -0.2546291409425231
0.07821238210638091 -0.38224636543914925
0.11339745852498355 -0.3993510841264802
0.044714408467869005 -0.3743779275644412
0.0387803679528875 -0.40752332499635735
0.07449133964750435 -0.42573057316298835
0.06829214020645219 -0.4629094858541933
-0.21835071778707602 -0.34366470082820544
-0.2631969872850611 -0.370132905646839
0.25352989157498595 0.14054785032077444
0.21344772380853835 0.1592424661406006
0.27160925391791174 0.09757762246436315
0.34064537953288704 0.16254362106729386
0.3772917853449708 0.20056970422423648
0.41736904243560147 0.20471159981508236
0.4578374466326766 0.1875
-0.461891757850548 0.07525939238632826
-0.41581573521853465 0.04863975188669356
-0.3077294856591557 -0.0011362875548898976
-0.4301068707789702 -0.07347402346810158
-0.4605810547100657 -0.048420646042542266
-0.46297451007815615 -0.0922147590000507
-0.39599361948584416 -0.107838938560794
-0.40743986381792097 -0.1558465484535498
-0.3505762940826931 -0.07334896422543576
-0.2787224947815212 -0.11333820592065977
-0.31972988618123604 -0.10247235618792402
-0.32233411896111996 -0.1815027831402165
-0.28525446536362586 -0.055176408989478
-0.3320351542369322 -0.14162499072637466
-0.32051319489677255 -0.05492475720726022
-0.29329662814151003 -0.08552729040645148
-0.3695144698116801 -0.14991835504305887
-0.2918554411502768 -0.1529693848164879
-0.3841689153235682 -0.18044432835540175
-0.2833765780383282 -0.19257128693378658
-0.24960346145737133 -0.1449792281761683
-0.3177873119927331 -0.23959270016442913
-0.2565528955175202 -0.2433851819170001
-0.11406872221922126 -0.14629844689983953
-0.3092957469707468 -0.20970514733775422
-0.35214491908621415 -0.21239985760189126
-0.2603970119499234 -0.21292761562678464
-0.18194206513221728 -0.1565263897687765
-0.3734719537365846 -0.27239345496757034
-0.2176770924937284 -0.16191135833798267
-0.35120979525547624 -0.24651983996918003
-0.33228989961014505 -0.28531308714497267
-0.30842215732472716 -0.26772366050158425
-0.3733893050003176 -0.3442248803024941
-0.4043460762851368 -0.36772022737286764
-0.3621177456861014 -0.3082961511100848
-0.36692971541416924 -0.39169986551346364
-0.4106548172207164 -0.3038992443600774
-0.4557878531461626 -0.3125
-0.31516248437841365 -0.3427593747240002
-0.4197946374835188 -0.3370250237023927
-0.3136662283585093 -0.31103688699657017
-0.28057866353016364 -0.3284940605216642
-0.34452619280142865 -0.3335473934317343
-0.15266185723312758 0.11115226209677063
-0.2214990379837637 0.15870254125972505
-0.24308463510748446 0.1832090953250506
0.08683808015093726 -0.27319171529838887
0.12484303981666017 -0.3310661753985808
0.10906455191448393 -0.36352314313692
0.1490065362611769 -0.36287663786294266
0.0848043105638865 -0.33166564952835215
0.20981572379005525 -0.36227459122017835
0.10440009163195561 -0.3030748710904576
0.19293768168831799 -0.25987374945163266
0.07243587698422455 -0.30175781745245145
0.15252906194896337 -0.2893854617482021
0.0591785233931833 -0.3477835951261418
0.17951580768648867 -0.37314848889703944
0.17997363318549067 -0.3267721826211148
0.09994286158426155 -0.4679504154459633
0.09794880483955247 0.1362111326003091
0.2809777210469387 0.12680781012824863
0.23306352384508972 0.029367706575096533
0.3278053981378732 0.050807935846579264
0.3221332997204937 0.18815469805326548
0.3156624078821371 0.14975649915935102
0.3685248741758384 0.11146249730001526
-0.3017274444952888 0.027741672290707085
-0.3318514878346374 0.018111630206249524
-0.4456852632768713 -0.1485704799760406
-0.4696865521983568 -0.16827123079336834
-0.2567654274808446 -0.011634272644752058
-0.20616244937887274 -0.07578119607021483
-0.2150675283895817 -0.1184254571019146
-0.24482334895007823 -0.0899598530718505
-0.23797260075757654 -0.04884216138304989
-0.1697634812018335 -0.0005500167951830864
-0.212436051267121 -0.012594401681429342
-0.03244329030287239 -0.1863286019799245
-0.405654079250257 -0.2721067289811418
-0.46840663394812165 -0.3424354286608012
-0.4364536070235542 -0.29123806122095797
-0.3249507139818092 -0.384254654968281
-0.3499770017701644 -0.3652162799762346
-0.3081366708231883 -0.41173848401692625
-0.2959006903502446 -0.36920509859237616
-0.1832076780282776 0.10692881988257669
0.06080037392236324 -0.2524063675530723
0.04560672532928792 -0.2823740410519455
0.14166787375817436 -0.23209348009408004
0.0980704507467291 -0.22965504611902182
0.12125044402563374 -0.20617795130176733
0.2350608035700969 -0.3107611383510495
0.18637420525008863 -0.29330718165921404
0.1516215893267535 -0.31881812835619133
0.15349685920725037 0.1587665383746168
0.241708520976398 0.06947852044520475
0.2804208634611934 0.04014790711238925
0.30757325105844496 0.08364408596136824
0.3443836602396765 0.08367385034309108
0.36449695305071333 0.052914110033323115
0.3757951136529332 0.08154958367427587
0.40351544865222894 0.1041268850397528
0.34907386467218304 0.0009450030449674185
0.41373114053160803 0.13804615193301792
0.4509539712494959 0.14924372541436148
0.4294170864150597 0.17286628186131903
0.4683397465251094 0.12268294178652353
0.34242756529092766 0.13036760077002701
0.3732463220479414 0.14544556005576872
-0.467479537875186 -0.12442677185039812
-0.2858175653335305 -0.02371691366283333
-0.1812682542366462 -0.041404696620392256
-0.14626669127774028 -0.09295351921851551
-0.17310423828381047 -0.07351875584817946
-0.17906976202076993 -0.11000399564640437
-0.1477267827990263 -0.13022430256106302
-0.11911481021540915 -0.03686002592172196
-0.14936838006521155 -0.050389885774034734
-0.20220167600380481 0.03276122513501019
-0.011156016734329878 -0.22813350315892766
0.16070507795994654 -0.258159983377906
0.21105521609731803 -0.3309394007463891
0.18337785927587494 0.17089978208876336
0.264103113159232 0.002421342996821566
0.306413930089558 -0.008363560878378643
0.33059278351065813 -0.06806782716260806
0.32274857584608474 0.019183628265107857
0.33391173122018214 -0.031975657089350136
0.30507934680594917 -0.047522987712503725
-0.23825129261122818 0.03204778099598664
0.021905330926285285 -0.22135728100353114
-0.45648809523809525 -0.45648809523809525
-0.45648809523809525 0.45648809523809525
0.3260664167627836 -0.41597222222222213
0.3125 -0.457820703524973
0.34919012948732264 -0.4465916714733915
0.2927029901842262 -0.4282797029223883
0.36668905243566696 -0.4159722222222222
0.3696960980735857 -0.469622594288779
0.2837186608969652 -0.4699918716596586
0.4255067567567568 -0.37633258258258256
0.4127631868881371 -0.4032206815976128
0.46285485603667426 -0.38133903531630803
0.4659879834440105 -0.3473696438541663
0.41984916398066074 -0.29627912198767953
0.3515837058341494 -0.3234104478941474
0.45955472684007753 -0.3061065514193971
0.3815250769389052 -0.29929885832597186
0.3379448763689896 -0.26604713573185784
0.39060348304449555 -0.3412184153488592
0.35181559314138794 -0.29305225846087796
0.47105555064123156 -0.27921302472743786
0.41189661835553143 0.4615531659515846
0.3757564340349068 0.46379806234343657
0.4201247988188884 0.40294073758598326
0.38476892094666904 0.39204429937639035
0.3971590909090909 0.35954053490865834
0.41980008788977796 0.2988164314157307
0.46007578216748407 0.28750000000000003
0.4169382406553974 0.33233229337150044
0.3834270229606665 0.28621433892276316
0.45863280376164856 0.33052038700465025
0.3767885603648912 0.32540647394013245
0.45973147857767405 0.39248202242075797
0.43319247123419474 0.2691508031618574
0.469399423425187 0.36132003662979306
0.4698258900851183 0.42117382262221015
0.40242524540000696 0.26052054384337753
-0.4321185481885556 -0.22396120822356425
-0.4661941020206497 -0.21567006518139856
-0.4064857356419223 -0.2412176602898737
-0.46674799897745306 -0.24893452092363022
-0.46787446415355016 -0.2817401778635722
-0.07086371993684115 -0.4582879825048114
-0.03744248735088867 -0.46761058488818114
-0.0014489662921318286 -0.4502023425713609
0.023412600972986447 -0.4689203816361957
-0.08624553391324845 0.4147749682827274
-0.0625 0.45499616569529133
-0.11249999999999999 0.45426019290568115
-0.1301360843251716 0.4049003320447824
-0.14121804054354647 0.4689577506532139
-0.04475008776679023 0.41739711864451134
-0.03311271764151218 0.46863443612495836
-0.08775682522910104 0.47207619047200516
-0.13340476097895324 0.4338987996133491
0.40409299768592744 -0.21308963156861122
0.4180256662221254 -0.18666934696583953
0.3335064585130736 -0.19271232389297208
0.36304839047610904 -0.22961253908067725
0.41984916398066074 -0.2427704693189996
0.45344580487963393 -0.22506630233338873
0.3725468581146371 -0.18992100295642933
0.3246881659418208 -0.23004774875881145
0.24681103180213004 -0.19194475474015796
0.26991794521792134 -0.11730212313016197
0.2949780772579154 -0.0861814081609929
0.30467777341059527 -0.25785711387279175
0.2813575679603436 -0.21997294214508392
0.324613673039782 -0.13569590369655968
0.30065972954745046 -0.11640685499086369
0.3508452207745594 -0.1608063082286953
0.2903244170627009 -0.17361622335920612
0.23692628001376118 -0.23943284737743392
0.2685984683658298 -0.25674811834241523
0.23796958841932694 -0.27514867317768643
0.3043081225715936 -0.20036670720226274
0.31965109497811617 -0.16567162014724493
0.25645906973814 -0.1540335837058745
0.18431798754526138 -0.10676868931827527
0.20093884851835053 -0.16008746059221363
0.22589156262161234 -0.12200177728788143
0.22983074786124852 -0.16744017836111566
0.19647952846404054 -0.20994382212896268
0.24324220449739464 -0.07597316495066786
0.2123943230046754 -0.02579167731215738
0.2446947655190239 -0.02349947525369618
0.20853620822574281 -0.23588966548024298
0.1692191402340513 -0.18237795261752332
0.16464293540796457 -0.1421518846913294
0.16582995486176438 -0.21299166037187006
0.10339974102906457 -0.08493539768892197
0.1411417715984066 -0.10592209522683738
0.16375073630752812 -0.05428179849496614
0.10019380453852186 -0.13513146706328516
0.03512742187995525 -0.15470843811347224
0.037059900109526735 -0.18972776141444658
0.08222189959806073 -0.182257629701018
0.002992186183541079 -0.17404474498178898
0.16315254812841207 -0.0847893371839072
0.13257353888698253 -0.13721718774023337
-0.01209310503332063 -0.11260320574792071
0.004983581638549325 -0.14098315207642692
0.2718283733593534 -0.06730115221917762
0.21363749037988308 -0.09109806521938307
0.056289576876401404 -0.10712696615752956
0.022212245455720966 -0.11128874128808075
0.035448561793222685 -0.07807356229887784
0.002716103967065403 -0.08299969414695241
0.10445039145150635 -0.16374468710859433
0.06929020508935303 -0.15033609426713998
0.08596418295418448 -0.109022232134587
0.07186881685700194 -0.05729551979001486
0.11720599782784508 -0.03738073569890742
0.13256599028198376 -0.06762158364017429
0.15999180969347282 0.007907843562265128
0.1841146591278095 0.06090457544839993
0.21452553369229568 0.054350185297606164
0.19580714119270148 0.02109119422328052
0.08366198418006224 -0.022579585257091736
0.11640993507102187 0.0062263011702756305
0.1365220222099493 0.05057917058486275
0.1484052861699049 -0.02400090169243725
0.18060303402154368 -0.017634377059915614
0.1641685661416119 0.037995122608543055
0.14986796354801657 0.1039105415135251
0.18426596695781666 0.1285796109128799
0.18248543421585292 0.09474590494836138
0.08769708758658683 0.045982732965630296
0.15636839299644328 0.07394827052871884
0.20944655943405266 0.08322602263615878
0.0830115238061218 0.012352033284858933
0.11342417334592167 0.03431662438118262
0.10856707944538448 0.08591033929661789
0.12058463352964018 0.11471832373338602
0.04906415510504469 0.09962066761357469
0.07537672094074763 0.0778406684202575
0.07961885026678973 0.10974980872214701
0.43695104229694276 -0.15078147517644797
0.46861126040594536 -0.16134210106213695
0.4672612629223805 -0.12844979913172866
0.41581573521853465 -0.07299543107362332
0.3742038599007561 -0.11014816324361398
0.4158157352185346 -0.04378720081028155
0.420874736100142 0.0011071484504249565
0.3910201269380255 0.025197948769717843
0.41777925260109433 0.0384991056429494
0.37633651102679144 -0.14184598135532592
0.40587185189235836 -0.12393817101681778
0.37886027976269826 -0.07348398283761397
0.46041146694869484 -0.0012975158258983002
0.38087663413926054 -0.005658737525871713
0.43649899168573747 0.07419271595294524
0.4683862427683987 0.06383983716238323
0.46749482540117004 -0.4343297036834288
0.020175500164775234 0.41477496828272736
0.04633017307860465 0.35224040534741363
0.06080094295106899 0.395029502537771
0.022632995582584754 0.3790660075942215
0.08354951012020731 0.36349473366980783
0.11925871628667517 0.37993711123592055
0.09210087191209089 0.3955051318265818
0.19911321320586256 -0.461834242441948
0.23033546464023297 -0.45242258200446966
0.24396088736803762 -0.41984916398066074
0.22246388815107893 -0.39368582163633464
0.19344733296328734 -0.39919021320591164
0.12243927412555325 0.2675710188531555
-0.4065796978713948 0.15318400338759194
-0.23684029069869955 0.2282550865826141
-0.15069680547299164 0.2595280223818248
-0.171068359706645 0.3104078846762411
-0.23166356709903393 0.2701548188248105
-0.1938870060564305 0.2442178552332735
-0.19915227138968217 0.2869489564707418
-0.20920491749111564 0.21966430059149517
0.467762520213288 0.21879330689890816
-0.24860871350881816 -0.2839673452887001
-0.20723120454964866 -0.2994919431569935
-0.11726229127788866 -0.2792961297439167
-0.159754218804747 -0.30049782963026855
-0.09484474466991095 -0.3246148220840178
-0.0556802697530868 -0.30568538159865993
-0.08635060394001745 -0.2922091445248619
-0.07835605601791484 -0.2296161589292774
-0.09097007466147453 -0.25981209744544587
-0.050129708933240855 -0.2591400550815515
-0.0448236061749234 -0.22581229068603834
-0.14869547155411472 -0.33771661866705033
-0.16925894783933873 -0.22826719449164606
-0.1276170750694612 -0.2378414508203091
-0.19431146836211377 -0.19570471884021784
-0.22233002219497167 -0.2235944674622055
-0.15536436101377762 -0.2631794997151944
-0.13841691826563934 -0.18946899620799354
-0.21674046836126604 -0.26193309302086565
-0.1511916795240178 -0.16112262033303823
-0.18628900368310192 -0.27420651587987116
-0.1969871254906648 -0.23947639245534644
-0.11912847669680471 -0.3420232978816092
-0.10729714167616941 -0.2079128975734571
-0.07173804745549876 -0.19064315228740478
-0.057441054443180636 -0.1397572527285672
-0.10081271986657937 -0.1760209115132536
-0.12829849134929655 -0.3103591379665327
-0.13563640080670974 0.18511699479665616
-0.16828737867018612 0.21119247194243573
-0.1306357849533061 0.22485868096601574
-0.05555890805059521 0.19522645788685855
-0.09438552724967562 0.2689731922439138
-0.09689238789428095 0.2004273659133034
-0.12077230084176448 0.25370478549426007
-0.1031679006094988 0.15963054592020137
-0.07169612666070022 0.23382464092899424
-0.13930427874985973 0.14701942415739222
-0.05411344716195471 0.14365706702487377
-0.0652057355170108 0.26291198096729057
-0.1710932626384158 0.13843733280333437
-0.17057414781591823 0.17484898816383826
-0.09293302543274924 0.34202021284981216
-0.0716702939835064 0.30505946312817067
-0.06296156394222907 0.3759500169049523
-0.07301105494445335 0.16893233091306425
-0.053433580123944016 0.08944036895952673
0.018758131666392654 0.1715045693632592
0.051629078307580616 0.14303244327472686
0.0801763880493092 0.2092009351518817
0.05543229584909935 0.18063398753902574
0.09248520801920973 0.17353941165342396
0.12118048471176895 0.1586754467126503
0.13718582684803837 0.2129454929586791
0.10945110461501407 0.19935030614610452
0.10531518402572898 0.2354844512557792
0.054621464773447564 0.2831515927252917
0.08642117744665712 0.2661805925298987
0.10313155178071995 0.3005171177826068
0.02326142836582777 0.23164155118132007
0.05582058015186697 0.2471203184733718
0.1391959628046796 0.29952169936002354
0.15847969358033037 0.26903885023445107
0.16465928797640061 0.23460457318675118
0.07452855896522789 0.3261565963423977
0.030931425453198685 0.20083008794812177
-0.012849143236381366 0.20629203973337992
-0.012793523648497215 0.24460745669625433
-0.02629729674009918 0.17024169116179233
0.016974003277644725 0.2707706598159829
-0.039731892695889205 0.22548881223483966
-0.0037389751877566907 0.11879368531763895
0.02346739613702015 0.31445474038589516
-0.0019563670095765276 0.3464374351153965
0.02755220199526022 0.1226733311125076
-0.024394754024383056 0.14040633811427078
-0.008852681161272805 0.2969342946330243
-0.03343642194929752 0.359173234374514
-0.05921343620852024 0.3368220008133242
-0.03902205551969118 0.3105792232778103
-0.10136075905761945 0.37947960462965585
-0.12895267929379617 0.3535941411674671
-0.15765688819322268 0.3394578301215277
-0.06843536618845243 0.11636486116178527
0.17769840858530314 0.29319445969556523
0.05323185367459793 0.2186759468826102
-0.11674601358307649 0.04849327565475281
-0.16131710145020917 0.050639722603631296
-0.1404121379169745 0.020898671879618247
-0.13926162840843812 -0.01148292539726389
-0.09616229868417242 0.006894180242756094
-0.13765596864747506 0.07813067696212717
-0.07853443333841785 0.041508730616029554
-0.09145940194796068 0.07881551158287711
-0.08277412273683032 -0.028026266683136035
-0.05406751496390512 0.0592341181852048
-0.06764779656949775 -0.08333404441621514
-0.032462326813561135 -0.08390754426248057
-0.09404393179663166 -0.06083085389660988
-0.1053985693471502 -0.10088265529333851
-0.12441545246678631 -0.06996635045733006
-0.07632855738186137 -0.11403914519721538
-0.06258576500671051 -0.05222724494693955
0.123653561785488 -0.26518406385664267
0.25153963323086503 -0.3507795062617654
0.30742251106859997 -0.3585185294807291
0.2986799891758957 -0.39310735525424584
0.2703706010440635 -0.31962323541294224
0.2778739459588017 -0.36625394966387176
0.4678531135164407 0.25577752763099487
0.19901016401630936 -0.058711483505679354
0.33909266598066934 -0.10289766568311678
-0.02647936884233247 -0.15313278269560276
-0.12821029550624968 0.29804946040122143
-0.10131031992042083 0.3126045609627454
-0.017183837487383183 0.0848129133353093
0.01795070159567227 0.08322188002776224
0.04546107741031733 0.06769727321723505
0.31198883142757455 -0.31893390872201405
0.31793976083508413 -0.28904172902131114
0.345710868637246 -0.37784568555901527
0.3620744390715267 -0.3520766775921277
0.45862798569256863 -0.07634968085115788
0.022686497335524684 0.4608836676332991
1672
100 101 259
387 388 351
260 666 274
388 387 324
389 388 299
102 666 101
820 822 337
666 259 101
274 103 104
103 274 666
273 257 666
674 132 669
323 111 438
718 202 713
362 342 343
525 386 298
342 362 275
381 382 385
384 385 382
106 362 343
324 438 113
378 437 307
111 323 110
463 466 469
385 383 381
114 324 113
384 382 482
386 109 323
109 386 350
60 59 944
591 592 583
273 256 257
726 150 151
273 341 256
341 273 340
521 522 518
805 804 154
573 571 614
138 139 335
297 321 703
571 252 253
662 291 816
614 571 253
312 725 679
815 159 160
704 706 703
164 165 641
704 248 249
248 704 604
814 953 807
951 171 693
244 644 538
422 400 293
539 536 296
244 245 644
530 531 292
604 247 248
270 411 416
249 706 704
348 314 289
114 115 353
831 585 591
325 115 116
307 384 346
944 65 64
490 463 469
579 834 462
119 709 118
708 118 709
234 380 233
121 711 120
277 524 390
378 379 437
298 386 387
326 378 380
66 944 939
666 257 258
939 69 68
34 937 35
71 939 72
767 763 760
667 265 282
280 366 369
65 944 66
340 273 260
612 867 866
66 939 67
405 418 293
939 70 69
70 939 71
710 301 509
307 437 384
532 640 639
932 51 50
506 439 354
607 553 562
609 545 608
712 886 717
532 168 841
501 499 302
667 217 218
49 932 50
664 478 263
488 369 371
343 104 105
611 605 609
689 691 294
62 61 944
18 17 959
944 63 62
867 766 939
698 175 176
690 691 689
648 652 646
826 824 825
57 936 944
944 59 58
123 593 523
646 652 931
820 823 822
714 713 719
61 60 944
52 936 53
325 391 352
123 523 122
352 353 325
436 382 381
47 46 932
193 360 192
498 495 496
178 179 336
533 491 471
238 239 502
195 361 194
296 540 539
236 533 471
707 252 571
234 474 380
471 235 236
321 540 603
471 491 470
689 320 295
438 111 112
392 393 304
352 388 324
380 378 232
833 379 326
387 386 323
708 116 117
228 306 227
474 235 471
306 376 227
283 375 374
508 354 708
230 377 347
438 112 113
346 281 306
440 565 564
441 208 394
667 282 217
197 328 196
222 667 221
667 283 265
712 715 922
519 582 518
219 220 221
827 127 128
223 283 667
667 219 221
523 593 522
224 283 223
328 308 338
726 722 721
282 216 217
964 156 157
365 216 282
375 226 376
726 331 722
810 316 634
304 366 280
167 532 639
365 367 214
214 215 365
809 815 333
365 282 364
808 806 315
304 211 212
330 395 357
537 243 538
326 379 378
928 930 932
265 364 282
620 476 933
616 569 275
689 698 320
934 45 44
41 40 937
109 110 323
39 38 937
310 828 130
772 85 84
934 928 932
502 240 501
46 934 932
937 934 41
712 713 714
34 33 937
726 152 331
666 260 273
578 579 461
461 479 480
350 386 525
620 480 503
804 153 154
601 263 477
957 32 31
246 604 644
455 452 454
192 360 442
38 37 937
142 335 141
210 393 209
182 336 181
393 394 209
441 206 207
138 335 314
965 198 199
206 441 716
359 396 825
204 205 714
958 25 24
285 820 309
718 717 309
320 701 336
30 29 957
495 498 500
452 355 451
349 137 314
303 470 493
28 957 29
800 890 916
465 477 473
707 706 251
347 228 229
204 719 203
958 957 25
281 373 306
958 24 23
197 198 337
27 26 957
957 31 30
23 22 958
346 384 281
51 932 936
934 46 45
449 446 292
564 561 568
429 410 426
540 549 539
74 73 773
376 373 345
262 514 517
772 773 771
342 260 274
375 224 225
761 763 665
396 338 308
77 773 78
773 77 76
399 398 293
389 277 390
843 277 845
358 330 357
307 377 378
593 125 358
230 231 377
378 231 232
330 126 127
287 682 679
517 514 622
129 130 828
227 376 226
79 78 773
772 80 79
373 376 306
126 330 358
378 377 231
348 349 314
672 288 676
83 82 772
387 351 298
772 86 85
772 84 83
367 212 213
147 681 678
777 86 772
278 510 509
777 89 88
777 87 86
711 122 523
743 747 729
512 513 514
97 96 784
777 92 91
435 482 436
92 784 93
92 777 784
682 684 679
537 241 242
95 94 784
43 934 44
95 784 96
777 778 784
680 960 947
93 784 94
109 350 108
91 90 777
390 298 351
356 395 827
677 678 675
130 131 674
226 375 225
134 670 133
283 224 375
434 345 372
803 804 805
132 133 669
373 281 481
135 136 673
373 372 345
435 372 481
348 676 288
376 345 375
135 673 134
138 314 137
456 371 264
819 335 142
364 265 370
345 434 374
677 819 144
139 140 141
344 369 366
142 143 819
364 370 344
372 435 483
335 139 141
368 483 371
136 349 673
280 369 488
819 314 335
144 145 677
367 213 214
681 147 148
304 212 367
370 369 344
678 677 145
312 679 681
344 367 365
686 150 312
370 368 369
365 364 344
675 268 676
365 215 216
148 686 681
754 757 765
275 362 363
725 726 721
106 107 362
107 108 363
156 964 805
158 964 157
328 338 361
159 315 158
319 442 360
398 399 397
818 162 163
361 193 194
158 315 964
360 361 338
803 313 722
363 362 107
153 804 152
344 366 367
310 829 828
345 374 375
161 162 818
7 793 8
399 400 319
796 7 6
238 502 533
264 458 460
785 780 797
413 408 411
346 347 377
657 629 791
634 316 635
161 333 815
319 338 397
793 10 9
391 299 352
785 784 778
350 363 108
0 796 1
341 254 255
280 392 304
784 785 796
411 407 425
683 961 685
5 4 796
304 393 211
116 708 325
796 3 2
7 796 793
380 232 233
287 724 683
632 445 528
959 19 18
409 443 188
959 958 19
307 346 377
371 369 368
16 959 17
200 201 718
958 916 913
20 958 21
670 288 672
601 602 535
958 20 19
793 798 801
276 546 543
11 959 12
200 309 965
342 569 260
198 965 337
308 328 339
822 339 337
341 272 614
339 197 337
343 342 274
801 959 793
195 196 328
256 341 255
328 361 195
341 340 272
430 271 428
197 339 328
658 659 631
711 710 120
164 641 818
126 358 125
808 315 809
358 357 329
358 329 593
641 166 639
168 169 841
357 395 311
951 841 169
208 209 394
829 310 671
531 532 841
519 518 522
817 316 811
959 14 13
277 853 845
699 951 693
115 325 353
506 507 484
174 696 173
175 698 700
353 352 324
701 698 176
351 389 390
388 352 299
696 174 700
114 353 324
696 693 172
488 456 489
171 172 693
104 343 274
361 360 193
372 370 434
403 409 189
400 403 319
106 343 105
372 368 370
189 190 403
347 346 306
187 188 443
443 186 187
283 374 265
403 190 442
366 304 367
185 688 184
363 350 618
181 336 179
137 349 136
524 525 390
687 336 182
228 347 306
688 687 184
289 675 676
182 183 687
180 181 179
349 348 288
184 687 183
230 347 229
349 288 673
688 186 410
336 701 178
385 437 383
351 388 389
641 334 818
99 784 796
569 567 260
359 404 398
72 773 73
379 303 383
360 338 319
439 299 391
389 299 439
552 559 261
390 525 298
708 391 325
439 391 354
280 488 451
393 392 355
355 394 393
393 210 211
455 394 355
394 455 441
827 395 330
356 830 831
308 826 825
397 396 359
396 397 338
397 359 398
404 284 401
444 413 417
400 399 293
319 397 399
293 418 422
400 318 403
891 902 927
408 402 406
293 398 405
401 406 404
403 318 409
190 191 442
284 404 359
406 405 398
406 398 404
444 418 405
926 903 904
402 405 406
284 900 903
959 10 793
926 406 401
411 408 407
410 443 318
189 409 188
318 422 426
295 687 688
414 416 424
413 411 270
527 526 414
6 5 796
417 413 270
408 413 402
414 486 423
423 416 414
448 417 420
400 422 318
425 421 424
419 420 427
420 417 270
415 418 444
444 405 402
428 271 432
427 420 270
431 430 415
427 270 416
419 431 448
421 425 905
12 959 13
447 418 415
318 426 410
486 526 595
419 423 446
425 416 411
527 424 421
425 407 905
416 425 424
428 426 422
429 295 688
416 423 427
427 423 419
447 422 418
428 447 430
432 426 428
429 432 690
415 448 431
697 431 695
419 449 431
702 695 449
432 271 690
426 432 429
264 460 456
433 836 453
370 265 434
374 434 265
435 481 482
483 435 264
458 436 459
435 436 264
383 437 379
384 437 385
324 387 438
323 438 387
354 508 506
846 864 506
261 553 552
558 563 554
716 327 720
208 441 207
442 191 192
319 403 442
318 443 409
186 443 410
413 444 402
415 444 417
445 595 528
643 636 638
486 599 598
642 643 529
430 447 415
422 447 428
417 448 415
419 448 420
446 449 419
699 702 317
450 453 452
392 451 355
280 451 392
452 451 450
450 489 453
452 305 454
837 839 433
305 452 453
712 714 720
455 454 327
455 327 441
452 455 355
264 436 458
489 456 433
457 458 459
490 457 459
459 436 381
458 457 460
381 383 463
466 463 464
837 457 834
433 456 460
461 468 479
937 36 35
381 463 490
480 578 461
383 303 464
464 303 467
466 464 467
463 383 464
465 466 467
469 468 461
468 466 465
469 462 490
470 303 833
477 263 473
465 473 468
473 478 479
468 469 466
579 469 461
380 474 326
491 472 493
236 237 533
492 471 470
465 467 472
493 472 467
477 472 475
473 263 478
235 474 234
474 471 492
472 279 494
494 279 496
601 605 263
934 42 41
472 477 465
477 475 601
664 611 653
503 480 479
473 479 468
503 478 476
933 504 577
433 839 836
373 481 372
482 481 281
384 482 281
436 482 382
371 483 264
372 483 368
510 484 507
846 484 847
845 858 862
574 568 576
526 486 414
595 599 486
292 446 530
446 423 598
456 488 371
451 488 450
453 489 433
488 489 450
457 490 462
381 490 459
302 534 491
491 534 472
833 492 470
474 492 326
303 493 467
491 493 470
534 499 279
475 472 494
543 541 276
496 602 494
501 302 502
495 535 602
241 537 501
536 539 500
499 496 279
500 498 497
497 498 499
499 498 496
500 497 536
500 276 541
241 501 240
497 499 501
502 302 533
240 502 239
478 503 479
620 503 476
937 32 957
835 871 872
480 620 882
462 834 457
506 508 507
853 864 869
509 507 300
507 509 510
354 391 708
300 507 508
710 509 300
521 509 301
513 510 278
848 846 847
513 278 520
589 945 586
484 510 512
512 510 513
518 520 521
513 511 514
517 621 516
262 512 514
621 624 516
267 732 739
765 515 754
773 75 74
622 511 588
849 865 855
329 357 519
520 590 513
357 311 519
519 583 582
521 520 278
518 584 590
509 521 278
521 301 522
523 522 301
522 329 519
523 301 711
123 124 593
843 524 277
525 524 485
440 574 575
619 618 525
414 424 527
526 412 528
657 527 421
412 526 527
630 528 412
633 634 635
529 599 642
529 643 530
529 530 446
531 530 487
168 532 167
531 317 702
487 640 531
638 639 640
238 533 237
302 491 533
499 534 302
472 534 279
541 495 500
547 535 495
537 536 497
538 243 244
501 537 497
243 537 242
296 536 538
538 536 537
603 540 296
276 500 539
297 551 321
544 549 551
543 546 550
548 547 543
553 542 550
495 541 547
546 276 549
543 542 548
565 555 554
550 542 543
553 607 608
535 645 605
276 539 549
546 544 550
543 547 541
547 545 645
608 548 542
547 548 545
551 549 540
544 546 549
552 550 544
550 552 553
321 551 540
551 297 558
557 552 544
555 559 557
261 562 553
936 55 54
558 557 544
563 297 705
842 440 575
555 440 842
860 842 843
517 654 262
544 551 558
555 557 554
322 705 703
554 557 558
557 559 552
559 555 857
854 856 863
52 51 936
568 570 566
564 565 563
856 854 859
647 648 649
297 563 558
563 561 564
561 570 568
440 564 574
555 565 440
563 565 554
340 567 272
275 569 342
260 567 340
573 566 570
570 561 613
568 566 576
572 576 617
566 567 569
571 615 707
567 573 272
253 254 614
615 571 570
617 576 566
575 525 485
566 573 567
571 573 570
568 574 564
575 574 572
575 572 619
575 485 842
617 566 569
574 576 572
929 476 653
877 879 504
883 480 882
579 578 505
834 579 505
579 462 469
582 584 518
584 586 588
581 582 583
628 586 581
583 519 311
584 582 581
585 831 830
583 311 591
586 584 581
584 511 590
656 946 626
626 740 627
627 587 655
588 586 580
724 728 683
655 589 627
580 621 622
584 588 511
583 592 628
748 752 729
513 590 511
518 590 520
311 395 831
592 591 585
592 585 656
627 628 592
593 124 125
522 593 329
926 408 406
876 878 874
595 445 599
526 528 595
781 783 782
0 99 796
528 630 631
810 816 809
486 598 423
529 446 598
642 599 445
598 599 529
445 632 633
316 636 635
602 601 475
605 601 535
494 602 475
495 602 496
296 538 644
604 246 247
321 603 604
604 603 644
608 542 553
653 478 664
649 650 647
56 55 936
560 607 562
607 606 608
609 608 606
548 608 545
611 609 646
609 605 645
611 646 610
47 932 48
646 609 606
611 610 653
665 654 517
665 516 761
561 563 705
615 613 322
341 614 254
573 614 272
613 615 570
322 706 707
618 616 275
575 619 525
569 616 617
617 616 572
363 618 275
525 618 350
572 616 619
618 619 616
933 476 929
882 620 577
621 517 622
580 945 624
511 622 514
622 588 580
762 624 625
586 945 580
580 624 621
625 624 623
625 623 755
774 762 625
585 830 946
739 740 267
628 627 589
627 592 656
586 628 589
583 628 581
904 832 905
786 797 780
781 795 792
631 630 596
658 631 596
631 597 632
631 632 528
633 632 597
633 597 634
633 600 642
634 597 661
333 811 809
316 817 636
633 635 600
638 636 334
600 635 636
661 631 659
637 659 662
638 334 639
638 487 643
641 639 334
167 639 166
531 640 532
638 640 487
817 818 334
166 641 165
633 642 445
643 642 600
643 600 636
643 487 530
246 644 245
296 644 603
547 645 535
609 645 545
648 606 649
606 648 646
940 941 938
57 944 58
649 606 607
647 942 652
607 560 649
650 556 941
649 560 650
861 650 560
943 867 939
54 53 936
647 652 648
652 651 931
610 930 929
478 653 476
665 517 516
847 262 851
587 752 755
945 655 623
946 656 585
627 656 626
895 657 421
791 629 790
596 750 751
659 658 269
663 662 659
659 637 661
743 729 737
813 806 807
634 661 637
631 661 597
663 659 269
662 660 814
733 737 729
660 662 663
263 605 664
611 664 605
775 761 762
654 665 763
259 666 258
666 102 103
219 667 218
667 222 223
947 962 963
671 310 674
671 669 668
669 671 674
668 669 670
670 669 133
668 962 948
829 671 286
962 672 268
668 670 672
288 670 673
134 673 670
130 674 310
132 674 131
677 675 289
684 675 290
672 676 268
289 676 348
677 289 819
145 146 678
147 678 146
675 678 290
680 682 685
681 679 290
267 740 949
684 290 679
678 681 290
148 149 686
287 683 685
682 680 684
724 287 721
736 812 734
963 684 680
675 684 268
287 685 682
683 732 961
150 686 149
312 681 686
295 320 687
687 320 336
186 688 185
429 688 410
429 690 295
698 689 294
690 271 691
295 690 689
431 697 430
449 695 431
294 691 694
691 697 694
696 172 173
699 693 692
271 697 691
696 692 693
702 449 292
697 692 694
294 694 696
696 694 692
430 697 271
697 695 692
294 696 700
176 177 701
702 692 695
951 699 317
175 700 174
294 700 698
701 177 178
320 698 701
702 292 531
692 702 699
704 703 321
705 322 613
704 321 604
706 249 250
561 705 613
297 703 705
251 706 250
703 706 322
707 251 252
322 707 615
118 708 117
508 708 300
120 709 119
300 708 709
300 709 710
120 710 709
122 711 121
301 710 711
713 202 203
327 454 715
717 713 712
713 717 718
205 206 716
712 720 715
454 305 715
923 884 922
327 716 441
205 716 714
712 922 886
285 309 717
200 718 309
202 718 201
203 719 713
204 714 719
716 720 714
327 715 720
722 727 721
725 721 287
803 722 331
727 722 313
731 660 663
961 732 267
727 724 721
728 724 723
679 725 287
725 312 726
150 726 312
152 726 151
736 734 742
724 727 723
737 733 741
683 728 732
731 730 735
587 740 752
730 768 749
749 746 730
768 663 269
737 730 743
728 733 732
733 738 739
741 728 723
733 729 738
723 727 736
735 953 731
737 735 730
735 734 953
313 812 727
806 813 332
742 737 741
737 734 735
729 747 748
627 740 587
733 739 732
740 739 738
740 738 752
740 626 949
728 741 733
742 741 723
736 742 723
734 737 742
746 743 730
745 747 746
751 749 269
952 750 788
753 745 754
755 753 515
731 768 730
745 746 744
746 747 743
748 747 745
753 748 745
755 655 587
269 658 751
746 749 769
787 778 779
778 777 756
596 751 658
749 751 750
729 752 738
755 752 748
754 745 744
515 625 755
754 744 757
515 753 754
655 755 623
748 753 755
757 744 764
88 87 777
746 769 744
756 776 757
596 783 750
764 779 757
760 775 770
761 516 762
759 757 776
773 772 79
624 762 516
763 761 760
774 625 515
762 774 775
766 767 771
763 612 654
952 744 769
764 758 779
757 759 765
765 759 774
67 939 68
767 954 763
771 760 770
766 867 954
663 768 731
269 749 768
952 749 750
952 764 744
777 772 770
80 772 81
760 771 767
772 771 770
777 770 776
81 772 82
75 773 76
771 773 766
765 774 515
775 774 759
775 759 776
761 775 760
777 776 756
775 776 770
756 779 778
90 89 777
750 783 788
784 99 98
779 756 757
787 779 758
596 630 782
793 9 8
791 527 657
797 798 793
795 630 412
781 789 783
783 780 788
596 782 783
785 778 787
98 97 784
780 789 786
4 3 796
786 789 794
10 959 11
758 952 788
785 787 780
780 787 788
758 788 787
783 789 780
794 789 781
792 412 791
629 894 799
792 791 790
412 527 791
794 792 790
781 782 795
786 794 798
14 959 15
792 794 781
798 794 790
630 795 782
412 792 795
796 2 1
797 796 785
798 797 786
796 797 793
790 799 798
913 916 889
629 799 790
802 799 594
873 910 908
25 957 26
798 799 802
959 800 958
800 801 802
798 802 801
804 803 331
813 803 332
804 331 152
805 154 155
156 805 155
803 805 332
806 814 807
964 806 332
812 736 727
806 291 814
315 815 809
291 806 808
333 817 811
291 808 809
634 637 810
816 810 637
316 810 811
809 811 810
313 803 813
812 807 953
807 812 813
313 813 812
662 814 291
953 814 660
159 815 315
815 160 161
662 816 637
809 816 291
818 817 333
636 817 334
818 333 161
164 818 163
144 819 143
314 819 289
820 285 823
965 820 337
915 914 821
899 902 897
824 822 821
822 826 339
823 285 915
822 823 821
824 821 906
284 359 825
308 825 396
284 825 824
339 826 308
824 826 822
127 827 330
129 827 128
356 827 828
129 828 827
286 946 830
828 829 356
356 829 830
286 830 829
311 831 591
356 831 395
900 284 906
893 896 891
379 833 303
492 833 326
871 838 840
460 837 433
480 883 578
836 835 955
876 835 872
453 836 924
457 837 460
838 837 834
505 840 834
839 835 836
837 838 839
835 839 838
882 879 883
838 834 840
951 169 170
531 841 317
843 485 524
842 485 843
845 869 844
856 261 857
848 844 869
844 848 850
277 389 853
844 855 858
506 484 846
847 484 512
512 262 847
851 654 852
851 850 848
851 852 849
865 849 866
856 859 861
851 848 847
855 854 858
654 851 262
849 850 851
654 612 852
866 852 612
389 439 853
864 853 439
844 850 855
562 856 560
850 849 855
855 865 859
562 261 856
261 559 857
555 842 860
856 857 863
862 858 863
844 858 845
556 650 861
854 855 859
860 843 862
555 860 857
856 861 560
556 861 859
845 862 843
863 858 854
857 860 863
862 863 860
506 864 439
846 848 869
849 852 866
859 865 868
612 954 867
868 866 867
773 939 766
868 867 556
859 868 556
865 866 868
853 869 845
846 869 864
875 877 887
835 838 871
505 871 840
871 870 872
875 872 870
872 878 876
910 887 880
802 890 800
285 919 915
876 955 835
877 875 870
875 873 878
878 872 875
955 876 874
879 877 870
504 925 877
912 873 908
878 912 881
883 870 871
504 879 577
880 877 925
889 910 917
885 884 956
874 878 881
577 879 882
870 883 879
871 505 883
578 883 505
715 923 922
881 885 874
881 266 885
918 266 909
920 884 885
285 717 886
875 887 873
877 880 887
935 928 934
937 33 32
897 832 899
907 908 889
802 594 890
893 891 892
889 890 892
890 893 892
893 890 594
899 898 902
594 894 893
894 895 896
799 894 594
894 629 895
895 629 657
895 897 896
894 896 893
897 895 832
898 899 900
891 896 897
911 898 914
907 889 892
900 899 832
911 902 898
903 900 832
824 906 284
909 901 911
909 266 912
927 901 907
897 902 891
904 903 832
284 903 401
905 832 895
926 407 408
421 905 895
407 904 905
914 906 821
898 900 906
927 892 891
908 907 901
909 908 901
887 910 873
901 902 911
266 881 912
910 880 917
889 908 910
898 906 914
909 911 918
873 912 878
908 909 912
888 913 917
957 913 888
821 823 915
911 914 918
919 285 886
921 266 918
889 916 890
958 913 957
917 880 925
889 917 913
914 915 918
919 920 921
920 886 884
915 919 921
921 920 885
886 920 919
266 921 885
915 921 918
923 715 305
886 922 884
305 924 923
923 924 955
453 924 305
924 836 955
935 925 504
917 925 888
903 926 401
407 926 904
901 927 902
892 927 907
930 928 929
42 934 43
610 929 653
933 929 928
610 931 930
49 48 932
931 610 646
651 936 932
930 931 932
932 931 651
933 928 935
620 933 577
937 40 39
934 937 935
925 935 888
933 935 504
938 944 940
57 56 936
36 937 37
935 937 888
944 64 63
936 651 940
72 939 773
939 938 943
942 651 652
940 942 941
650 941 647
943 556 867
941 942 647
651 942 940
938 941 943
556 943 941
940 944 936
939 944 938
655 945 589
624 945 623
946 286 950
626 946 949
668 948 671
947 948 962
950 948 947
286 671 948
950 949 946
960 949 947
948 950 286
949 950 947
841 951 317
171 951 170
764 952 758
749 952 769
953 660 731
812 953 734
763 954 612
766 954 767
956 874 885
956 923 955
923 956 884
874 956 955
937 957 888
27 957 28
21 958 22
916 958 800
15 959 16
800 959 801
685 960 680
949 960 267
267 960 961
685 961 960
672 962 668
268 684 963
947 963 680
268 963 962
806 964 315
964 332 805
200 965 199
820 965 309
0
82
100 -0.2500000000000002 0.0
140 -0.2500000000000002 0.0
141 -0.2500000000000002 0.0
142 -0.2500000000000002 0.0
143 -0.2500000000000002 0.0
144 -0.2500000000000002 0.0
145 -0.2500000000000002 0.0
146 -0.2500000000000002 0.0
147 -0.2500000000000002 0.0
148 -0.2500000000000002 0.0
149 -0.2500000000000002 0.0
150 -0.2500000000000002 0.0
151 -0.2500000000000002 0.0
152 -0.2500000000000002 0.0
153 -0.2500000000000002 0.0
154 -0.24999999999999994 0.0
155 -0.24999999999999994 0.0
156 -0.24999999999999994 0.0
157 -0.24999999999999994 0.0
158 -0.24999999999999994 0.0
159 -0.24999999999999994 0.0
160 -0.24999999999999994 0.0
161 -0.24999999999999994 0.0
162 -0.24999999999999994 0.0
163 -0.24999999999999994 0.0
164 -0.24999999999999994 0.0
165 -0.24999999999999994 0.0
166 -0.24999999999999994 0.0
167 -0.24999999999999994 0.0
168 -0.24999999999999994 0.0
169 -0.24999999999999994 0.0
170 -0.24999999999999967 0.0
171 -0.24999999999999967 0.0
172 -0.24999999999999967 0.0
173 -0.24999999999999967 0.0
174 -0.24999999999999967 0.0
175 -0.24999999999999967 0.0
176 -0.24999999999999967 0.0
177 -0.24999999999999967 0.0
178 -0.1250000000000001 0.0
179 -0.1250000000000001 0.0
180 0.1250000000000001 0.0
220 0.1250000000000001 0.0
221 0.24999999999999967 0.0
222 0.24999999999999967 0.0
223 0.24999999999999967 0.0
224 0.24999999999999967 0.0
225 0.24999999999999967 0.0
226 0.24999999999999967 0.0
227 0.24999999999999967 0.0
228 0.24999999999999967 0.0
229 0.24999999999999994 0.0
230 0.24999999999999994 0.0
231 0.24999999999999994 0.0
232 0.24999999999999994 0.0
233 0.24999999999999994 0.0
234 0.24999999999999994 0.0
235 0.24999999999999994 0.0
236 0.24999999999999994 0.0
237 0.24999999999999994 0.0
238 0.24999999999999994 0.0
239 0.24999999999999994 0.0
240 0.24999999999999994 0.0
241 0.24999999999999994 0.0
242 0.24999999999999994 0.0
243 0.24999999999999994 0.0
244 0.24999999999999994 0.0
245 0.2500000000000002 0.0
246 0.2500000000000002 0.0
247 0.2500000000000002 0.0
248 0.2500000000000002 0.0
249 0.2500000000000002 0.0
250 0.2500000000000002 0.0
251 0.2500000000000002 0.0
252 0.2500000000000002 0.0
253 0.2500000000000002 0.0
254 0.2500000000000002 0.0
255 0.2500000000000002 0.0
256 0.2500000000000002 0.0
257 0.2500000000000002 0.0
258 0.2500000000000002 0.0
259 0.2500000000000002 0.0
0
