0.3 2000
126
0.05 0.0
0.04938441702975689 0.007821723252011544
0.04755282581475768 0.01545084971874737
0.0445503262094184 0.02269952498697734
0.04045084971874738 0.029389262614623657
0.03535533905932738 0.03535533905932738
0.029389262614623657 0.04045084971874738
0.022699524986977342 0.044550326209418394
0.015450849718747373 0.04755282581475768
0.007821723252011546 0.04938441702975689
0.5 0.0
0.0 0.5
0.5 0.5
0.028910861626005774 0.024692208514878446
0.003910861626005773 0.27469220851487847
0.275 0.0
0.03945543081300289 0.012346104257439223
0.01836629243900866 0.03703831277231767
0.1625 0.0
0.00586629243900866 0.16203831277231767
0.053409084193401526 0.032729128887548434
0.10625000000000001 0.0
0.006844007845510103 0.10571136490103727
0.046098887395083034 0.05397486230480379
0.007332865548760825 0.07754789096539708
0.02716349752981812 0.06557848413797498
0.014622936631403446 0.06090891458883147
0.03272912888754843 0.05340908419340152
0.078125 0.0
0.06707271546165858 0.016102734296168722
0.0640625 0.0
0.105030060279174 0.06122382580263107
0.06788971199593746 0.1107859410592583
0.21997322965599184 0.18605573987761456
0.15091678470184589 0.13430693126605756
0.11392468070735617 0.10658616876487795
0.17431070634306334 0.06867156593354692
0.1424818985397102 0.038794314032607205
0.21875 0.025677092407544466
0.28909771838017234 0.10533452944005411
0.23253813465787654 0.08439214448903615
0.27614957049955013 0.05345681123477977
0.24501507240352338 0.13754247081140256
0.19369532866624645 0.1125674244714111
0.3875 0.0
0.3807531586091871 0.05986576982607872
0.5 0.25
0.3168604305108 0.18960472109104676
0.2686860388328567 0.1804808305827018
0.33295776751306133 0.2689662356902321
0.24970372458201862 0.2475892900257065
0.33125000000000004 0.025531129106602896
0.31664840357007756 0.14296628141323625
0.5 0.125
0.3475368884867086 0.10802217589371528
0.3199760873338127 0.07061038160179697
0.44375 0.0
0.4228833648449796 0.12445921829428906
0.37539390192191824 0.166018915348521
0.38857908836494215 0.10079756646095417
0.12890512280606486 0.2801656955567112
0.25 0.5
0.471875 0.0625
0.5 0.1875
0.40818864485250056 0.3597376829369823
0.30192279810614453 0.3418521681139848
0.2967670742887566 0.23421509115106043
0.3660583290916493 0.2272754729741204
0.40125064447365405 0.2012991689755369
0.4292106212054128 0.26907159354094645
0.383118590924812 0.27010646263838795
0.5 0.375
0.28679970954489264 0.28863453524675997
0.25335692901343115 0.3430345314677979
0.4615820706678689 0.104709943199459
0.42677564715226557 0.04521658378148051
0.375 0.5
0.16220088226901144 0.22126799338314937
0.4588042727938668 0.23800367560975305
0.3514518209157997 0.3160868177560255
0.20483352671751426 0.34068483926250404
0.23521707058718488 0.2979680565656408
0.20723677499998183 0.23015852860314612
0.40711048578947845 0.31171756106555115
0.4709875009941759 0.31777073409027945
0.18157382975769512 0.2919767315202908
0.07645557965894102 0.21165502903788458
0.0955190429389781 0.15923789402814162
0.05107092978511278 0.17274780570725573
0.004888577032507216 0.21836526064359807
0.13824524871333785 0.1801638394334131
0.043691256483012086 0.2472107516718054
0.08917490997755911 0.25624968987671165
0.11295700695478744 0.4081616541517829
0.07188866801812098 0.41275282936970203
0.0927707875225742 0.30849076428680666
0.13485969953615407 0.37311940236077074
0.1463491147409822 0.32571581779975833
0.45501387759154777 0.3618372039386028
0.5 0.4375
0.4498176669745355 0.18861985697083342
0.22526525133123965 0.42095238173440636
0.30468294004731533 0.3858614067975469
0.36460344164841685 0.3576908366733558
0.33528281901871454 0.4516513898353825
0.3831483374416017 0.4278703660265154
0.3477622341770074 0.39968111809666035
0.2585824445553556 0.3889413468980588
0.2721723517587377 0.43642960929813196
0.42368323497134647 0.404100078674655
0.41608619461369123 0.46811635598972723
0.3125 0.5
0.125 0.5
0.18453304465307624 0.38858640212643836
0.1420572700991106 0.4375021046907521
0.1875 0.5
0.09526941225362051 0.45830913436104764
0.21875 0.46638474333586977
0.0625 0.5
0.001955430813002887 0.3873461042574392
0.46385954783470784 0.46875
0.4682094210602214 0.40625
0.03125 0.4525084449076588
0.0029331462195043294 0.33101915638615886
0.0437898843600695 0.3035563825616194
0.06316671023368418 0.35678373336818014
217
13 5 6
6 7 17
23 20 31
5 4 20
5 23 27
20 2 29
8 17 7
20 23 5
8 7 26
16 0 1
48 42 52
3 16 2
32 19 22
35 87 32
28 21 29
4 13 3
40 43 36
79 72 49
5 13 4
20 3 2
18 37 21
13 16 3
2 16 1
13 6 17
8 9 17
26 9 8
3 20 4
26 27 25
30 28 29
25 32 22
1 29 2
30 1 0
6 27 7
23 31 32
32 25 23
27 26 7
22 24 25
25 24 26
24 9 26
5 27 6
23 25 27
29 21 31
31 20 29
1 30 29
35 32 31
35 36 34
86 87 90
36 43 34
48 33 42
36 31 37
82 77 33
36 35 31
87 86 88
18 38 36
38 40 36
21 37 31
18 36 37
18 15 38
41 40 38
44 51 15
72 79 65
41 38 15
42 40 39
52 58 47
39 40 41
49 72 66
43 33 34
40 42 43
33 43 42
55 41 51
39 54 52
80 73 107
54 55 45
41 55 39
59 58 54
41 15 51
52 42 39
56 10 62
33 48 50
79 49 70
44 45 51
66 72 50
45 59 54
48 47 66
45 75 59
83 69 84
48 52 47
53 74 62
45 55 51
55 54 39
75 74 57
44 75 45
100 57 74
58 52 54
63 100 53
67 70 49
44 56 75
58 59 57
46 71 84
88 89 19
67 47 58
69 83 70
10 53 62
68 57 100
70 68 69
93 116 94
81 85 82
83 79 70
108 104 111
48 66 50
66 47 67
58 68 67
63 78 100
57 68 58
68 78 69
103 83 64
71 98 84
68 70 67
67 49 66
82 50 81
78 84 69
98 83 84
101 114 113
65 102 107
103 79 83
76 104 105
75 57 59
56 62 75
75 62 74
33 50 82
113 97 80
77 60 92
33 77 90
78 68 100
84 78 46
73 72 65
73 80 81
85 81 80
65 79 103
77 85 60
89 91 14
114 93 96
81 72 73
92 124 91
102 108 107
50 72 81
64 109 105
77 82 85
35 34 87
88 32 87
90 87 34
86 91 89
32 88 19
33 90 34
86 89 88
86 90 77
86 92 91
95 92 60
77 92 86
94 125 93
95 60 97
124 125 123
124 92 95
125 119 123
60 85 97
122 118 11
107 73 65
11 119 122
80 97 85
95 97 96
111 61 108
83 98 64
106 105 104
103 64 105
100 74 53
46 78 63
71 121 98
102 103 106
103 102 65
97 113 96
12 110 120
103 105 106
110 12 76
61 117 108
12 120 99
111 104 76
106 104 102
107 101 113
108 102 104
101 107 108
98 109 64
98 121 109
109 110 105
120 109 121
76 105 110
114 96 113
108 117 101
107 113 80
115 112 114
112 118 116
116 114 112
117 114 101
91 124 14
61 115 117
114 117 115
119 94 122
122 116 118
122 94 116
116 93 114
109 120 110
71 99 121
120 121 99
14 124 123
96 93 125
125 124 95
96 125 95
125 94 119
0
7
10 0.615 0.0
12 0.625 0.0
46 0.625 0.0
53 0.625 0.0
63 0.9375 0.0
71 0.9375 0.0
99 0.9375 0.0
0