0.3 2000
425
0.05 0.0
0.04619397662556434 0.01913417161825449
0.03535533905932738 0.03535533905932738
0.019134171618254495 0.04619397662556434
3.061616997868383e-18 0.05
-0.019134171618254488 0.04619397662556434
-0.035355339059327376 0.03535533905932738
-0.04619397662556434 0.019134171618254495
-0.05 6.123233995736766e-18
-0.04619397662556435 -0.019134171618254484
-0.03535533905932738 -0.035355339059327376
-0.01913417161825452 -0.04619397662556433
-9.184850993605149e-18 -0.05
0.0191341716182545 -0.046193976625564334
0.03535533905932737 -0.03535533905932738
0.04619397662556433 -0.019134171618254522
-0.5 -0.5
0.5 -0.5
0.5 0.5
-0.5 0.5
-0.27614861578310224 -0.08672577117073035
0.26694820084244486 0.18606609765545684
-0.22677295755569288 -0.061373536469557
0.4422955475149979 -0.09532039796653521
0.16134680196597326 0.03209387434818859
0.2361185218119749 0.15335807624698072
0.2388838383052665 -0.1794956570838148
0.5 0.125
0.39432277314555164 0.2190273939476191
0.27499999999999997 0.054700901029405946
0.16380032604773093 0.1376875043342768
-0.19380565595822746 0.044842594321156844
-0.051598755473249866 -0.4493252069951338
-0.0625 -0.5
0.5 -0.125
0.0 0.5
0.19804193364111483 -0.03768515455661602
0.10141298827838578 0.046560598168545186
0.38619008507548136 -0.1912187165440981
0.235533434537073 0.08574204831596052
0.3774482400408477 -0.0929732024459736
0.2752138366365641 0.14261382385140184
0.4206578267674703 -0.2198598177875978
0.0353556385804031 0.17774479810458876
-0.17774479810458893 -0.03535563858040308
0.33753912127677765 0.05116982028328696
0.34140959751745037 -0.1894734853699823
0.34235167016987667 0.2839688113252197
0.2803072666049689 -0.012253540568161553
0.25985523007560524 0.316100238850131
0.31326767339188943 -0.0707742711932914
0.19420383495413174 0.18941766049460845
-0.36207989098150817 -0.2059787969640852
0.0 -0.5
0.34387355817993887 -0.03394203760839442
0.2805977590354026 0.10242805547033274
-0.42907876738285056 -0.008783232394681581
0.258245897771944 -0.0632215278673686
0.5 0.0
0.17806164350801448 0.07940373957520425
0.08887780041098997 -0.14569549203782045
0.13898872866114992 0.19232052589926163
0.4366330082042302 0.04822172502316802
-0.05470090102940554 0.275
-0.3163736511782067 -0.027467321694685472
0.2809752729627607 -0.10327741625676126
0.2191945775977446 0.038263586164989025
0.4748059911741117 0.062499999999999986
0.19354403289564087 0.004487569366993349
0.4359095752592363 0.007472216929118739
-0.11603156056507383 -0.06341562908743503
0.4197139286054506 0.2601997374370258
-0.3645087426079936 -0.10303478193784206
0.32244660078830306 0.0072549130816645935
0.3034343635642867 0.211069712667268
0.4458474265392891 0.11682357134599447
0.34236822827352137 0.11379075569567394
-0.3182460905424121 -0.3586231686974579
0.3917263122044587 0.12520570598509087
0.45675164807079394 0.16455288926114567
-0.38157376165647017 -0.3038543079512525
-0.5 -0.125
-0.3342245255039392 -0.06390873888528742
0.16573196659801484 -0.11465575474755078
-0.275688582212681 0.008150160469362885
0.11261603427591965 -0.09380613839502944
-0.4099025648005305 -0.17587106654363266
-0.008033108159928908 -0.11261407584390444
0.3008448466397184 0.32032626637216394
0.3853423499370785 0.2861107595909903
0.23966858050588707 0.22088337997497243
0.40534856332775704 -0.041976204534386566
0.12491915968720693 -0.03160061927789031
0.12451661883012137 0.010893547492162859
0.15954274953984526 -0.05793095981006703
-0.38217960551482055 0.021447953681281544
-0.3329768940069997 0.009559194866027174
0.08279311477241824 -0.04281850738267342
-0.5 -0.0625
-0.4595518447147528 -0.23074540892927575
-0.4550785009512002 -0.04813264079720227
-0.31497687207847075 -0.10023638803193982
-0.16634472115535837 0.00863471813352057
-0.13768755818363326 -0.02915041249723741
-0.4712406064036573 -0.1875
-0.5 0.25
0.053937062770207114 -0.10058281508764709
-0.4291663752068781 -0.13306552756543574
-0.1006843402670049 0.1506847638537725
-0.3646496492331268 -0.16339780749737387
-0.41139490056462735 -0.06591198680653973
-0.2356229156649671 0.0397229408915146
0.14199373273308516 -0.16654510839034178
-0.3663116830609252 -0.02661927468572854
-0.09083679457223352 -0.025938854088663386
0.20412490161753633 -0.0855052848109125
-0.12090982900529823 0.007749385665444328
-0.3300103095684769 -0.13850081030829597
-0.5 0.0
0.07649147023259592 -0.21159057867794184
0.1924147552525773 -0.15823707736460435
0.23817458264036667 -0.1196283939773346
0.032093874348188604 -0.16134680196597323
0.3714240675745078 0.005228142970861729
0.054700901029405974 -0.275
0.5 -0.25
-0.5 -0.25
-0.23026720663122285 -0.0020647419990983684
-0.275 0.05470090102940597
-0.2772893252291504 -0.03837814504402633
0.09367593947023971 0.13879110718522933
0.12810590716544673 0.09806685433194347
0.20553062886356135 0.11981221053112284
0.08634080862093196 0.1909437191692566
0.5 0.1875
0.03843573375844359 0.27091986584290234
0.050613599405865545 0.2238788578906248
-0.009869219311708533 0.23331800044847376
-0.07248863501573141 0.21091745973277387
0.033108778571492234 0.11124631601721661
0.07871202089064758 0.09099516637359176
-0.22082954275470487 0.2608284862300778
-0.030765932348862324 0.15467078670950735
-0.18864422196014158 0.22857565937861735
-0.006081701244641323 0.19021189484945544
-0.06680040733120692 0.17153899127281638
-0.06251699751821686 0.09640414999755234
0.009580971186199359 0.14532847651594258
-0.133171818897929 0.20260830886413927
-0.13115598586326482 0.27914936755305003
-0.19774832375618334 0.136892381943701
-0.23671081032129396 0.09611305696237835
-0.14886501651222395 0.24131868916125868
-0.1508678484357165 0.15541113120435204
-0.1885776642524674 0.1822753952271789
-0.1531902123698894 0.09269156095817471
-0.2835404189099617 0.20528906397129512
-0.24195729926813048 0.1694438764293419
-0.23635166069560545 0.21798921021859496
-0.23070039929251418 0.3053111334733481
-0.25 0.5
-0.38575672059853505 0.25958249033061254
-0.29363908381841186 0.3661040362376066
-0.3138966407358046 0.1280311878519667
-0.34390497799399133 0.07209165521382141
-0.34731536604828767 0.20858845053630135
-0.2808928353203916 0.09855629085508297
-0.2851826394605402 0.16134159385911992
-0.01363600513162907 0.09694360222063092
-0.09431716388023126 0.2514865098616846
-0.19524449040851324 0.0872261184604964
-0.10827296129444625 0.10478986935424553
-0.11946301644377233 0.05690402288266488
-0.3140743560821691 0.04508369395085812
-0.43304772389533347 0.1839462952492369
-0.4227036077885353 0.03282077059854885
-0.07536132786762531 0.05412273979449424
-0.5 0.0625
-0.5 0.125
-0.39490478695171866 0.21269997251331588
-0.4421623577140884 0.24625500035121353
-0.37676821391726456 0.14896513462663064
-0.3493756018640078 0.3212123384242132
-0.5 0.375
-0.1396850891961119 0.33436676112598746
-0.27411268806286837 0.2642768411367471
-0.375 0.5
-0.33617553893203167 0.16599932884072877
-0.43059021381219464 0.12513678404155593
-0.46535042755519185 0.15314033946248534
-0.4811991814216274 0.20209819026905165
-0.39529344425435264 0.08546586317913604
-0.35370079416278594 0.11336518494877663
-0.4616628011352185 0.2876005625120337
-0.41734191050359104 0.2987979487085645
-0.5 0.3125
-0.47047687848824005 0.34375
0.37627536381745286 -0.14751475562335692
0.3308715369557604 -0.1205570780690765
0.2899721838999122 -0.1579775431127329
-0.16837906586115034 -0.2566773459717295
-0.20646484840236928 -0.16168311476280262
-0.2307483559341747 -0.11438889464430349
-0.2710257447606858 -0.16495093512769932
-0.1640132860166646 -0.11000473152403742
-0.18771208568545966 -0.07577658090776643
-0.07019856565172292 -0.20468852442678467
-0.3160990291783672 -0.1864719704898419
-0.2784119513716127 -0.33137157467776496
-0.2613898750037409 -0.24309300568777392
-0.25 -0.5
-0.5 -0.375
-0.382772419923373 -0.2635589791852141
-0.4061233471065173 -0.22265916409212144
-0.034328970094660655 -0.40045265548310915
-0.32216454798977145 -0.25283134857697664
-0.375 -0.5
-0.17340877568271293 -0.32198632502253854
-0.22161584721891217 -0.43813739084959763
-0.343677565016282 -0.31760307452182635
-0.025473929298876492 -0.16786184052411945
-0.07713854035328 -0.121175388545051
-0.006115708437110595 -0.23694322366698328
0.006868913040882826 -0.19605162382064661
-0.13612382934785852 -0.17618997217788157
-0.23686809745677018 -0.20040402625023646
-0.2137437570314768 -0.2420748093190408
-0.07590108690707276 -0.38409399006946626
-0.17723471597836507 -0.2064216386511063
-0.04654790793570375 -0.08491347948381432
-0.11957078748275562 -0.10777314831882835
-0.08024032046143603 -0.3044257261793195
0.0381311269544083 -0.23385695589759994
-0.1674783595083937 -0.15043357830939139
-0.11998754748177147 -0.22936338556787594
-0.12366795312770634 -0.27936694800809253
-0.07655991481550116 -0.2544221637391029
-0.0919260534820028 -0.1644491620141696
-0.008648321563305791 -0.308612826617334
0.0133180309198455 -0.27350950970258364
-0.03485568439458721 -0.271807178746077
-0.125 -0.5
0.125 -0.5
-0.046989409433278215 -0.3500357790766435
0.014224383619581712 -0.3818860189020987
-0.0006079748876852767 -0.4400132752088262
0.04447787780143654 -0.33223566500422574
0.08131978693431582 -0.4299628015688287
0.25 -0.5
0.16774745303504163 -0.3247223768254135
0.18228116264510025 -0.24180569886623052
0.20065818926537413 -0.2016353964491176
0.1052028078255591 -0.3135511016997652
0.038395786411239835 -0.41900986477503255
0.1438578817386343 -0.27780291156109027
0.13000951492532417 -0.22451618563784723
0.09976930372770139 -0.2608179796619438
0.12588115751697643 -0.3784492411721922
0.08494938459258153 -0.3557478228506826
0.14424000156819078 -0.4393609031801608
0.1875 -0.48645859178670464
0.23937194140689852 -0.3980492881991965
0.18395951333037466 -0.38053096104502176
0.1981332315141524 -0.43327544159536324
0.24704097541174105 -0.4487791418604804
0.4516785266700794 -0.35604158365056654
0.3129799316004516 -0.47866185202357103
0.3366371251049287 -0.3747043300304905
0.29501422839143193 -0.415582228122076
0.375 -0.5
-0.4666904638764428 -0.14753942880201124
-0.46085775678235485 -0.09631503182625224
-0.125 0.5
-0.44723136087751203 0.39528180297357923
-0.09103960688338027 0.3626088086972013
-0.2815580833906083 0.31563490079604967
-0.18070798970132243 0.2930681131502275
-0.026464376897045935 0.3450710756866449
-0.23823133393480048 0.39274249326882216
-0.19298699405131875 0.35111827137006785
-0.09133906125057448 0.3063601951361991
-0.24444560557984454 0.4463350446242189
-0.24854932837160476 0.347813728840725
-0.1641183635021314 0.4278994112168674
-0.27766665615700714 0.40382456907513997
-0.38720725176457654 0.37290668754515416
-0.5 0.4375
-0.19406979626252502 0.39534305960254323
-0.13663113389330883 0.38512218060984843
-0.08233685065517969 0.4376527238060193
-0.33020433141218775 0.2683421082419362
-0.42407624858869136 0.3447174778772463
-0.3405806548467166 0.3673391807119854
-0.04741691929061948 0.3955765178137533
0.25 0.5
-0.026039376750552942 0.4488466885429935
-0.0056495327350568544 0.38330513882907674
0.03711492128510825 0.33524103169533837
-0.0625 0.4996110875364435
0.22956782801746195 0.34404091262973724
0.45008267571060345 0.21305561746804885
0.2952474751106806 0.25523075737441303
-0.35625863324043117 0.43406699413379535
-0.1947620378810881 0.47859728141367425
-0.3125 0.5
-0.15361072146187388 0.46886064221293766
-0.0005286258447171864 0.302293890585449
0.11670107986993913 0.45853445719071867
0.1875 0.48555926109876013
0.13492188406929156 0.3050753190723718
0.09630510266953532 0.2608041595376968
0.16969864942793556 0.24987891075165053
0.08324698577654865 0.31117234855955916
0.1164130141093373 0.37023663561301245
0.22970569811248243 0.4233408015665719
0.23590570910670056 0.28256774088099673
0.1887452906852473 0.30876880747448726
0.21077386346495317 0.25007769535708974
0.17502135773699357 0.3659115902603465
-0.4375 0.46875
-0.40391907560863866 0.4197738153631462
-0.3950055345966803 0.46188606919336056
-0.3215534898226965 0.4070154025400443
-0.29626081350499733 0.45148581642261854
0.00605962880395975 0.4228902299292486
0.1298500395500735 0.23416815374444178
0.125 0.5
0.5 0.25
0.3772707440565205 0.17376039771476443
0.3462695965234956 0.22457400196765537
0.3080524364888804 0.16639425615430797
-0.4593181880357339 0.4342613760714678
-0.34375 0.47325266289804885
0.4080072167632814 0.07723223741974924
-0.3683027710306262 -0.37272627710314926
0.375567319903403 0.3280301498186651
0.375 0.5
0.3793143824727514 0.046514762387033996
0.21381888293759585 0.3837183579265343
-0.2313844357580461 -0.3415168906104199
-0.46765284299750187 0.031249999999999997
-0.4467586409677391 0.0772606215378798
0.4417799890196941 -0.15938022356207543
0.49566123290567776 -0.0625
0.45379710653182104 -0.037751106853841976
0.41379607492582304 -0.12712301940363388
0.47211533813245143 -0.20390287171085786
-0.28598153875244564 -0.28413158703886504
-0.5 -0.3125
-0.2030509300299485 -0.3803978256983713
-0.4054532636066225 -0.3363338351740525
-0.4392453799522554 -0.2813322787977209
-0.26507834271841757 -0.39583461293796085
-0.4695787564328765 -0.34375
-0.23647494587928702 -0.2936775619480821
-0.49305838026458987 -0.4375
-0.11163099826311776 -0.3445780262818153
-0.19577743039860807 -0.28741545532118806
-0.15750572509407926 -0.36678368534779515
0.2813444435827227 -0.2749310924993075
0.24491384682744843 -0.23397620545057157
0.22106054883127585 -0.2918749234795156
0.2983987267116927 -0.22308030151422073
0.22541817107700593 -0.34578960706927553
0.36086872433101713 -0.2723574200949582
0.2813944173659957 -0.35883620991342824
0.3410131976370594 -0.23329278199861175
0.323175477735053 -0.3174751725026076
0.26166119403789534 -0.31689538940740636
0.0625 -0.49033982244685226
-0.1609651309110836 -0.43820177588737225
-0.4375 -0.4753061310590019
-0.3856933131524426 -0.43562424286740065
-0.1875 -0.4950090007447767
-0.12281639350564598 -0.4042568245444378
-0.3405326918373644 -0.4580751493051005
-0.33120539601149546 -0.40851179116609854
-0.26806253508089983 -0.4423790081613609
-0.43137924018659324 -0.3931048415036554
-0.4274840491706576 -0.43472340247477137
-0.3125 -0.5
-0.4707920200171138 -0.4033914776319176
0.4304621035753959 -0.3086680707312139
0.38351512654062103 -0.32958129530713115
0.36225964688233264 -0.43538004169769184
0.5 -0.4375
0.40625 0.4570641334155925
0.4385065388575041 -0.40625
0.3788409628256161 -0.3716374690311928
0.5 -0.375
0.3963336580198046 -0.4102157630523291
0.48171342485539265 -0.3125
0.3125 0.5
0.03125 0.46366278270434064
0.0625 0.5
0.1505191754222086 0.4331454885426809
0.28231290004883935 0.38359927482598943
0.33405873987261375 0.3644046417369928
0.42510982367303307 0.3844145292917511
0.5 0.375
0.3628936055155291 0.42640024265363946
0.2727708942397541 0.425657928134828
-0.10353577249839571 -0.45259304442689763
0.45307982529589885 -0.2540126867877663
0.4060041977876241 -0.2634663842655199
0.38140489804749506 -0.231371936758545
0.28125 0.4689134546042616
0.34375 0.467344733278424
0.1919594067957526 0.4431600041465171
0.06875570469548248 0.4123228392578016
0.038636415263127576 0.37965139210063503
0.11203789174797113 0.41330840549987935
0.07362449341482649 0.45524928293662226
0.46302438177578453 0.2800318345606191
0.437805986297768 0.32044396095423616
0.5 0.3125
0.3795710324929863 0.37446987377363594
0.4375 0.5
0.45983373042863546 0.3580609614544418
0.4694684669714061 0.4347028302289303
0.4303086503731328 0.42453694914783324
0.46875 0.4748252942169821
0.4375 -0.4739529300241511
0.39596618680713225 -0.46230043330677484
0.4598259951017456 -0.44042590328023745
788
114 70 229
57 115 121
75 62 67
8 116 114
72 82 110
3 168 4
72 109 117
87 13 12
136 135 137
86 99 213
74 329 301
268 266 384
131 140 37
140 2 37
68 24 93
144 138 145
30 131 59
351 80 212
30 51 61
102 116 172
393 295 324
39 66 29
0 15 97
112 60 119
108 148 153
48 54 73
85 92 97
170 151 111
201 203 225
300 79 134
127 102 31
59 24 66
252 124 246
199 121 26
87 220 122
23 91 40
84 127 111
124 239 246
121 120 26
59 66 39
118 100 56
95 113 96
351 99 126
1 0 37
81 104 270
42 403 346
339 352 349
6 5 176
329 89 47
241 370 373
37 2 1
23 343 344
328 329 330
328 76 78
40 50 198
330 21 41
198 50 65
83 85 112
79 28 328
130 133 43
46 197 198
130 30 61
402 241 33
97 14 106
123 337 45
345 40 197
133 130 61
147 142 168
76 41 55
4 168 5
345 342 23
32 245 214
27 79 75
95 56 113
54 91 123
3 139 168
38 342 197
106 122 60
358 370 374
73 29 48
181 192 187
101 20 82
82 64 113
85 94 92
73 123 45
300 71 28
54 50 40
82 129 64
55 29 45
337 62 333
56 110 113
48 68 36
380 375 216
40 91 54
46 366 405
38 42 342
276 149 184
202 203 201
72 117 101
68 48 66
114 229 10
377 218 352
97 93 0
113 110 82
46 362 366
83 115 94
66 48 29
94 85 83
6 176 7
66 24 68
254 256 252
92 94 68
25 21 90
127 129 22
301 315 90
21 330 74
76 337 333
131 24 59
343 23 34
78 79 328
39 29 55
57 36 115
301 49 315
91 69 123
57 121 65
54 48 50
44 102 127
337 69 62
90 74 301
21 25 41
76 333 78
74 90 21
358 349 370
393 324 409
327 300 134
79 300 28
398 335 414
69 67 62
217 339 349
164 173 166
28 329 328
84 111 128
59 39 132
10 9 114
351 213 99
36 57 48
109 107 86
155 153 150
215 347 209
115 36 94
24 131 37
309 310 325
22 20 202
132 51 30
270 104 86
50 48 57
82 20 129
157 167 166
344 69 91
119 232 256
84 96 64
123 73 54
65 199 198
93 24 37
106 14 13
0 93 37
68 93 92
106 13 87
68 94 36
85 97 106
99 86 104
223 122 220
87 122 106
97 92 93
14 97 15
44 127 22
128 151 166
237 230 224
56 100 110
86 107 270
104 126 99
98 81 271
221 229 70
138 148 108
60 122 119
203 101 117
44 70 103
64 129 84
8 114 9
103 102 44
8 7 116
60 112 85
271 270 107
111 127 31
72 107 109
81 126 104
55 41 39
72 101 82
205 44 22
107 72 110
271 81 270
118 340 177
129 127 84
83 112 120
135 297 306
83 120 121
223 119 122
52 213 212
131 30 130
51 25 90
335 47 89
128 173 84
100 118 98
202 204 205
171 172 176
129 20 22
100 271 110
60 85 106
57 65 50
83 121 115
252 256 124
114 103 70
47 301 329
113 64 96
42 38 405
45 76 55
350 353 378
29 73 45
140 130 139
39 25 132
139 130 43
69 58 67
102 103 116
369 247 253
207 109 52
103 114 116
75 333 62
12 11 229
51 132 25
59 132 30
317 316 311
43 133 136
330 329 74
393 394 35
312 310 309
285 320 273
311 309 325
135 306 137
138 137 63
136 137 144
152 143 148
138 108 145
147 144 142
140 3 2
130 140 131
140 139 3
274 184 280
291 193 194
145 146 142
139 43 147
148 169 152
151 128 111
136 144 43
138 144 137
146 145 108
144 145 142
155 171 153
5 146 176
144 147 43
168 142 146
169 138 63
154 153 148
277 296 293
143 152 276
158 157 154
111 31 170
143 158 154
154 157 150
169 148 138
143 276 141
154 148 143
151 170 150
157 158 156
150 153 154
31 102 172
108 171 146
158 143 141
191 95 164
157 156 167
151 150 157
282 279 278
182 290 275
141 185 158
63 277 280
281 283 303
279 159 276
159 141 276
56 95 175
185 141 159
290 156 185
156 158 185
96 164 95
173 164 96
340 341 177
180 179 161
187 167 156
157 166 151
164 166 163
187 156 165
166 167 163
147 168 139
5 168 146
280 169 63
152 169 149
31 155 170
150 170 155
153 171 108
172 171 155
172 155 31
116 7 176
84 173 96
166 173 128
161 179 165
56 175 340
181 188 191
56 340 118
171 176 146
176 172 116
95 191 175
178 189 190
179 181 165
179 180 174
179 174 181
186 319 321
180 105 190
188 181 174
164 163 192
290 182 161
194 180 161
156 290 165
180 194 193
275 185 159
105 193 195
282 162 275
291 182 285
279 282 159
283 288 289
167 187 163
165 181 187
189 188 174
341 178 177
190 189 174
178 188 189
180 190 174
178 190 105
188 341 191
191 164 192
187 192 163
191 192 181
193 105 180
284 162 278
196 291 273
161 182 194
183 195 196
193 196 195
197 46 38
121 199 65
40 198 197
26 360 362
46 198 199
207 209 203
239 240 238
20 203 202
204 201 233
20 101 203
202 201 204
207 117 109
203 117 207
234 224 228
205 70 44
202 205 22
70 205 204
87 221 220
222 206 236
215 209 207
215 207 52
351 126 348
349 218 370
217 357 339
228 225 226
334 219 350
227 243 356
211 353 348
379 371 372
353 351 348
347 215 219
52 109 86
52 86 213
208 77 352
349 358 217
52 212 215
219 80 350
32 33 53
380 210 377
200 357 217
208 352 339
16 371 355
235 356 231
357 226 354
358 374 356
229 87 12
222 220 206
204 230 70
220 221 237
234 235 236
124 256 232
220 222 223
223 222 232
228 226 200
224 234 237
203 209 225
226 225 209
245 32 53
234 228 200
216 375 372
257 252 258
233 228 224
225 228 201
10 229 11
221 87 229
230 204 233
221 70 230
243 227 214
238 244 246
223 232 119
239 232 222
228 233 201
230 233 224
235 234 200
237 234 206
209 354 226
236 235 231
231 238 240
206 234 236
220 237 206
230 237 221
243 238 231
244 238 243
232 239 124
240 239 222
222 236 240
231 240 236
217 235 200
356 243 231
369 253 245
251 360 26
217 358 356
356 235 217
243 214 244
262 259 263
214 245 244
246 258 252
42 346 342
244 245 253
369 245 53
252 257 249
262 249 257
239 238 246
251 26 120
251 112 255
361 363 368
112 251 120
361 250 254
253 258 244
254 252 249
253 247 258
361 254 249
254 250 255
251 255 250
112 119 255
254 255 256
119 256 255
242 259 247
257 247 259
258 246 244
247 257 258
242 260 259
260 263 259
242 248 260
263 260 264
263 264 261
363 261 365
259 262 257
363 262 261
264 260 248
262 263 261
385 389 424
391 265 389
267 384 388
388 384 390
423 384 269
265 382 383
389 125 391
362 199 26
403 404 382
261 268 365
267 365 268
266 264 248
110 271 107
98 271 100
281 278 287
184 274 288
320 285 302
305 289 272
288 287 279
182 275 162
152 149 276
196 193 291
184 149 280
282 275 159
273 183 196
284 278 281
162 282 278
287 278 279
279 276 184
292 322 302
169 280 149
293 289 274
277 274 280
281 303 160
398 414 418
323 160 304
302 322 323
322 284 323
292 285 182
285 292 302
165 290 161
273 331 183
288 279 184
281 287 283
288 274 289
287 288 283
293 274 277
289 295 298
275 290 185
182 291 194
273 291 285
182 162 292
162 284 322
296 277 297
298 295 35
297 410 296
294 314 406
289 293 295
293 296 324
277 306 297
308 395 408
313 309 318
76 45 337
35 272 298
289 298 272
310 312 135
69 337 123
75 78 333
396 299 49
88 47 335
283 305 303
319 186 19
272 160 303
281 323 284
186 332 304
289 305 283
272 303 305
277 63 306
137 306 63
313 318 395
408 318 338
412 411 307
307 326 394
310 135 136
61 51 311
136 133 310
325 133 61
90 317 51
317 315 316
313 312 309
135 312 297
309 316 318
313 409 410
402 33 32
299 338 318
315 299 316
396 49 88
316 299 318
311 316 309
51 317 311
90 315 317
88 49 301
338 314 408
183 331 286
286 331 19
302 332 321
331 320 319
319 320 321
302 321 320
162 322 292
160 323 281
323 304 332
293 324 295
412 409 411
133 325 310
61 311 325
408 294 308
313 297 312
301 47 88
418 415 399
89 329 28
328 330 76
396 338 299
315 49 299
27 134 79
89 28 71
320 331 273
19 331 319
321 332 186
323 332 302
335 398 416
41 76 330
16 216 371
376 77 334
341 340 175
75 79 78
294 326 308
89 414 335
58 27 67
392 294 406
39 41 25
314 401 406
214 227 32
67 27 75
191 341 175
341 188 178
34 23 342
34 58 343
344 58 69
23 344 91
58 344 343
40 345 23
197 342 345
125 34 346
34 342 346
334 378 372
80 351 350
350 351 353
213 351 212
347 354 209
354 347 208
226 357 200
374 227 356
219 334 77
210 241 373
339 354 208
208 219 77
219 215 212
218 373 370
211 16 355
355 381 211
350 378 334
339 357 354
219 212 80
372 371 216
349 352 218
347 219 208
250 361 360
405 38 46
250 360 251
360 359 362
249 262 363
359 360 361
359 364 366
199 362 46
264 268 261
249 363 361
359 368 367
265 388 387
367 365 267
368 365 367
359 366 362
404 405 364
383 267 388
359 367 364
361 368 359
363 365 368
53 242 369
242 247 369
374 402 227
373 218 210
370 241 402
377 210 218
376 352 77
372 376 334
372 375 376
376 377 352
375 377 376
381 353 211
379 355 371
372 378 379
379 378 381
346 403 125
377 375 380
379 381 355
353 381 378
383 364 367
266 269 384
367 267 383
384 267 268
386 407 400
403 382 391
386 336 407
265 387 389
125 403 391
248 269 266
383 388 265
386 420 421
423 390 384
387 388 390
264 266 268
387 390 423
417 421 18
400 398 420
265 391 382
389 387 424
396 314 338
396 88 397
412 394 393
295 393 35
294 408 314
307 308 326
308 307 395
408 395 318
397 88 335
401 396 400
414 89 71
396 397 400
400 397 416
398 400 416
413 300 327
398 418 419
71 413 414
417 336 386
401 407 406
314 396 401
227 402 32
370 402 374
404 403 42
383 404 364
383 382 404
364 405 366
42 405 404
407 401 400
336 392 407
406 407 392
409 313 411
324 296 410
313 410 297
324 410 409
313 395 411
307 411 395
394 412 307
393 409 412
397 335 416
418 399 419
420 419 421
415 413 327
399 18 419
415 418 414
300 413 71
415 414 413
400 420 386
398 419 420
386 421 417
419 18 421
269 17 422
424 17 385
269 422 423
422 424 423
423 424 387
17 424 422
0
12
177 10. 0.0
178 10. 0.0
183 10. 0.0
195 10. 0.0
211 10. 0.0
286 10. 0.0
327 10. 0.0
348 10. 0.0
385 10. 0.0
389 10. 0.0
399 10. 0.0
415 10. 0.0
0